fecha	objective	metric	first_metric_only	boost_from_average	feature_pre_filter	verbosity	seed	max_depth	min_gain_to_split	lambda_l1	lambda_l2	max_bin	num_iterations	force_row_wise	learning_rate	feature_fraction	min_data_in_leaf	num_leaves	prob_corte	ganancia	iteracion
20220526 005135	binary	custom	TRUE	TRUE	FALSE	-100	999983	-1	0	0	0	31	91	TRUE	0.0730046385683818	0.787216157466173	5991	514	0.0175182223640149	13229000	1
20220526 005201	binary	custom	TRUE	TRUE	FALSE	-100	999983	-1	0	0	0	31	49	TRUE	0.113874120106222	0.554631860218942	2310	319	0.0251424324330098	12243000	2
20220526 005227	binary	custom	TRUE	TRUE	FALSE	-100	999983	-1	0	0	0	31	108	TRUE	0.0832871622035745	0.311764263128862	3055	724	0.0300717774574878	11590000	3
20220526 005237	binary	custom	TRUE	TRUE	FALSE	-100	999983	-1	0	0	0	31	58	TRUE	0.192504896343336	0.746216704053804	6185	545	0.0331700059109911	10719000	4
20220526 005249	binary	custom	TRUE	TRUE	FALSE	-100	999983	-1	0	0	0	31	24	TRUE	0.221576347455382	0.365632559033111	1809	708	0.035702562177903	9604000	5
20220526 005259	binary	custom	TRUE	TRUE	FALSE	-100	999983	-1	0	0	0	31	49	TRUE	0.205294911654666	0.854360158424825	4814	275	0.013325181202769	12798000	6
20220526 005313	binary	custom	TRUE	TRUE	FALSE	-100	999983	-1	0	0	0	31	53	TRUE	0.163592504342669	0.352534020924941	4795	599	0.0107740456878673	12773000	7
20220526 005330	binary	custom	TRUE	TRUE	FALSE	-100	999983	-1	0	0	0	31	44	TRUE	0.172143721192493	0.56299451475963	7881	123	0.0460800033795143	8551000	8
20220526 005340	binary	custom	TRUE	TRUE	FALSE	-100	999983	-1	0	0	0	31	30	TRUE	0.255591732739238	0.279593384303153	5377	396	0.0337608144138358	11028000	9
20220526 005349	binary	custom	TRUE	TRUE	FALSE	-100	999983	-1	0	0	0	31	23	TRUE	0.274455294948071	0.891840672418475	2761	807	0.0242180954781361	11573000	10
20220526 005441	binary	custom	TRUE	TRUE	FALSE	-100	999983	-1	0	0	0	31	170	TRUE	0.0361633931397228	0.445545182814822	3685	904	0.0440360333013814	8894000	11
20220526 005458	binary	custom	TRUE	TRUE	FALSE	-100	999983	-1	0	0	0	31	58	TRUE	0.0551592348829145	0.952991357501596	3205	93	0.0159067976142978	13283000	12
20220526 005613	binary	custom	TRUE	TRUE	FALSE	-100	999983	-1	0	0	0	31	211	TRUE	0.0157885237267474	0.204780876906589	483	453	0.0286775986309901	10209000	13
20220526 005623	binary	custom	TRUE	TRUE	FALSE	-100	999983	-1	0	0	0	31	44	TRUE	0.228681306281011	0.982367791403085	4381	248	0.0381229775957763	9770000	14
20220526 005644	binary	custom	TRUE	TRUE	FALSE	-100	999983	-1	0	0	0	31	143	TRUE	0.0478816793626174	0.663138048779219	6528	974	0.0216422580366877	12852000	15
20220526 005655	binary	custom	TRUE	TRUE	FALSE	-100	999983	-1	0	0	0	31	26	TRUE	0.154405178408604	0.439904484450817	7398	202	0.019969386550171	12858000	16
20220526 005711	binary	custom	TRUE	TRUE	FALSE	-100	999983	-1	0	0	0	31	34	TRUE	0.128691490146914	0.8340994866658	1056	834	0.0489161663737226	7971000	17
20220526 005720	binary	custom	TRUE	TRUE	FALSE	-100	999983	-1	0	0	0	31	5	TRUE	0.261455427536624	0.496875327853486	206	50	0.0403331666190449	6361000	18
20220526 005730	binary	custom	TRUE	TRUE	FALSE	-100	999983	-1	0	0	0	31	31	TRUE	0.2963099826494	0.610078261336312	7172	930	0.0430747299702489	8135000	19
20220526 005750	binary	custom	TRUE	TRUE	FALSE	-100	999983	-1	0	0	0	31	83	TRUE	0.10124801078171	0.693422584133223	1292	648	0.00907684239694693	12137000	20
20220526 005848	binary	custom	TRUE	TRUE	FALSE	-100	999983	-1	0	0	0	31	172	TRUE	0.0262382458216034	0.567793450350276	4521	299	0.0180380629263521	13412000	21
20220526 005910	binary	custom	TRUE	TRUE	FALSE	-100	999983	-1	0	0	0	31	168	TRUE	0.0535375202611808	0.999039032271457	4638	225	0.0200894077408266	12633000	22
20220526 005932	binary	custom	TRUE	TRUE	FALSE	-100	999983	-1	0	0	0	31	89	TRUE	0.0899109506980542	0.473377283767874	3571	387	0.0162295401834537	13512000	23
20220526 010105	binary	custom	TRUE	TRUE	FALSE	-100	999983	-1	0	0	0	31	826	TRUE	0.0137952130439912	0.244760085515534	6135	386	0.0161845697804351	13688000	24
20220526 010231	binary	custom	TRUE	TRUE	FALSE	-100	999983	-1	0	0	0	31	604	TRUE	0.0138766178573376	0.275874562116531	3242	56	0.0140389596460125	13348000	25
20220526 010411	binary	custom	TRUE	TRUE	FALSE	-100	999983	-1	0	0	0	31	467	TRUE	0.0100180486204	0.474820904964809	6550	331	0.0142124495697409	13316000	26
20220526 010436	binary	custom	TRUE	TRUE	FALSE	-100	999983	-1	0	0	0	31	177	TRUE	0.0616808143899833	0.20103685134898	5886	516	0.0183410418894104	13387000	27
20220526 010506	binary	custom	TRUE	TRUE	FALSE	-100	999983	-1	0	0	0	31	216	TRUE	0.0529509343570011	0.274630606734742	5746	114	0.0163517826709719	13509000	28
20220526 010645	binary	custom	TRUE	TRUE	FALSE	-100	999983	-1	0	0	0	31	617	TRUE	0.0100191091129566	0.32981100311339	5402	361	0.0160816467778778	13621000	29
20220526 010831	binary	custom	TRUE	TRUE	FALSE	-100	999983	-1	0	0	0	31	824	TRUE	0.010080746749076	0.25689183002393	6091	967	0.0159402994058724	13335000	30
20220526 010949	binary	custom	TRUE	TRUE	FALSE	-100	999983	-1	0	0	0	31	416	TRUE	0.0102873978613478	0.634726514399056	3031	396	0.0155636413008761	13632000	31
20220526 011054	binary	custom	TRUE	TRUE	FALSE	-100	999983	-1	0	0	0	31	330	TRUE	0.0225716766144963	0.546487141402293	2827	231	0.0161948172150241	13605000	32
20220526 011108	binary	custom	TRUE	TRUE	FALSE	-100	999983	-1	0	0	0	31	56	TRUE	0.124691737314359	0.261041196761572	6102	341	0.0161054459699471	13067000	33
20220526 011305	binary	custom	TRUE	TRUE	FALSE	-100	999983	-1	0	0	0	31	649	TRUE	0.0101252574131701	0.505740943225291	7979	677	0.0175171271497117	13281000	34
20220526 011512	binary	custom	TRUE	TRUE	FALSE	-100	999983	-1	0	0	0	31	633	TRUE	0.0100641511430983	0.500752201714894	3705	638	0.0160832146674425	13859000	35
20220526 011653	binary	custom	TRUE	TRUE	FALSE	-100	999983	-1	0	0	0	31	481	TRUE	0.0100627936218733	0.55127736432784	4588	757	0.0160326085771457	13858000	36
20220526 011842	binary	custom	TRUE	TRUE	FALSE	-100	999983	-1	0	0	0	31	840	TRUE	0.0101478631657511	0.236494035021773	4167	712	0.0161104307162514	13465000	37
20220526 012003	binary	custom	TRUE	TRUE	FALSE	-100	999983	-1	0	0	0	31	584	TRUE	0.0100284359765165	0.785124331000441	3877	893	0.0149276351839797	13425000	38
20220526 012148	binary	custom	TRUE	TRUE	FALSE	-100	999983	-1	0	0	0	31	529	TRUE	0.0101101260584817	0.537877582023171	5381	684	0.0163754088635029	13852000	39
20220526 012335	binary	custom	TRUE	TRUE	FALSE	-100	999983	-1	0	0	0	31	545	TRUE	0.010012878339187	0.546345820109831	4735	594	0.0158666350263492	13804000	40
20220526 012523	binary	custom	TRUE	TRUE	FALSE	-100	999983	-1	0	0	0	31	527	TRUE	0.0100694367264087	0.49997071903928	5961	775	0.0163013963551256	13711000	41
20220526 012715	binary	custom	TRUE	TRUE	FALSE	-100	999983	-1	0	0	0	31	710	TRUE	0.0103683426078874	0.58957780645302	3881	684	0.0166247057693839	13625000	42
20220526 012855	binary	custom	TRUE	TRUE	FALSE	-100	999983	-1	0	0	0	31	492	TRUE	0.010526715758009	0.497510274034184	4598	983	0.0147459277934705	13588000	43
20220526 013015	binary	custom	TRUE	TRUE	FALSE	-100	999983	-1	0	0	0	31	758	TRUE	0.0104903950742257	0.745312532105386	5408	17	0.0156631362452333	13289000	44
20220526 013211	binary	custom	TRUE	TRUE	FALSE	-100	999983	-1	0	0	0	31	650	TRUE	0.0100575912562691	0.485695707168211	4874	723	0.0152421448732039	13694000	45
20220526 013357	binary	custom	TRUE	TRUE	FALSE	-100	999983	-1	0	0	0	31	881	TRUE	0.010034419375734	0.245881659114995	6763	381	0.023152475393242	12517000	46
20220526 013526	binary	custom	TRUE	TRUE	FALSE	-100	999983	-1	0	0	0	31	502	TRUE	0.0221394670093025	0.510644718319492	2857	951	0.0159446072279081	13598000	47
20220526 013632	binary	custom	TRUE	TRUE	FALSE	-100	999983	-1	0	0	0	31	279	TRUE	0.0156983614350765	0.555852904392156	3258	133	0.0112761547527397	13185000	48
20220526 013645	binary	custom	TRUE	TRUE	FALSE	-100	999983	-1	0	0	0	31	38	TRUE	0.220846630547463	0.566796133238613	4718	1006	0.0159541996494294	12763000	49
20220526 013811	binary	custom	TRUE	TRUE	FALSE	-100	999983	-1	0	0	0	31	361	TRUE	0.0121959807761067	0.517940371836605	3097	635	0.0130565085072359	13509000	50
20220526 014012	binary	custom	TRUE	TRUE	FALSE	-100	999983	-1	0	0	0	31	1025	TRUE	0.0101106933789793	0.299585702222241	7458	22	0.0179130273866144	13391000	51
20220526 014146	binary	custom	TRUE	TRUE	FALSE	-100	999983	-1	0	0	0	31	822	TRUE	0.0103851153655891	0.200642883261649	7679	108	0.0101903118342818	12185000	52
20220526 014159	binary	custom	TRUE	TRUE	FALSE	-100	999983	-1	0	0	0	31	39	TRUE	0.264460241759095	0.540947499102438	1517	16	0.0126427121311976	11190000	53
20220526 014253	binary	custom	TRUE	TRUE	FALSE	-100	999983	-1	0	0	0	31	329	TRUE	0.010900666235644	0.992529541864036	5317	411	0.0114335590766434	12837000	54
20220526 014413	binary	custom	TRUE	TRUE	FALSE	-100	999983	-1	0	0	0	31	399	TRUE	0.0138368702896608	0.528455071516415	4917	891	0.0161250465597473	13683000	55
20220526 014446	binary	custom	TRUE	TRUE	FALSE	-100	999983	-1	0	0	0	31	89	TRUE	0.0419937917036727	0.542211330163185	4550	718	0.0160220455526401	13450000	56
20220526 014458	binary	custom	TRUE	TRUE	FALSE	-100	999983	-1	0	0	0	31	45	TRUE	0.174980011359615	0.200638496816907	3673	1023	0.0211364471252121	12558000	57
20220526 014508	binary	custom	TRUE	TRUE	FALSE	-100	999983	-1	0	0	0	31	22	TRUE	0.144941556639361	0.998348715440827	5642	1024	0.015877799699717	12493000	58
20220526 014640	binary	custom	TRUE	TRUE	FALSE	-100	999983	-1	0	0	0	31	390	TRUE	0.0100410971352759	0.533579756103848	4566	1018	0.0186081162248611	13414000	59
20220526 014654	binary	custom	TRUE	TRUE	FALSE	-100	999983	-1	0	0	0	31	100	TRUE	0.0952778221083576	0.949221356625986	7996	83	0.0161450097743554	12990000	60
20220526 014712	binary	custom	TRUE	TRUE	FALSE	-100	999983	-1	0	0	0	31	117	TRUE	0.211944671656895	0.221548727617339	3076	1024	0.00835106345176469	11338000	61
20220526 014856	binary	custom	TRUE	TRUE	FALSE	-100	999983	-1	0	0	0	31	573	TRUE	0.0100076372363241	0.487232273776084	6468	427	0.0180288477416095	13593000	62
20220526 014909	binary	custom	TRUE	TRUE	FALSE	-100	999983	-1	0	0	0	31	33	TRUE	0.182146462981903	0.521422405371582	5436	628	0.0206446745861376	12859000	63
20220526 014929	binary	custom	TRUE	TRUE	FALSE	-100	999983	-1	0	0	0	31	80	TRUE	0.0848313885240534	0.465671149320935	3310	18	0.0184573373517675	13434000	64
20220526 015132	binary	custom	TRUE	TRUE	FALSE	-100	999983	-1	0	0	0	31	446	TRUE	0.0101956041294667	0.502841734741367	1150	640	0.0157251433448476	13676000	65
20220526 015310	binary	custom	TRUE	TRUE	FALSE	-100	999983	-1	0	0	0	31	283	TRUE	0.0101605785138036	0.530556457191923	8	83	0.0140637032514407	12018000	66
20220526 015439	binary	custom	TRUE	TRUE	FALSE	-100	999983	-1	0	0	0	31	891	TRUE	0.0100704573731742	0.750437199138419	6117	1023	0.0158925503297172	13434000	67
20220526 015454	binary	custom	TRUE	TRUE	FALSE	-100	999983	-1	0	0	0	31	33	TRUE	0.299944981945667	0.953254163096626	7983	609	0.0109456214838901	11641000	68
20220526 015507	binary	custom	TRUE	TRUE	FALSE	-100	999983	-1	0	0	0	31	18	TRUE	0.168048365655693	0.52354375334872	2025	557	0.0160165942364653	12615000	69
20220526 015518	binary	custom	TRUE	TRUE	FALSE	-100	999983	-1	0	0	0	31	32	TRUE	0.177687245183862	0.205598633978756	7619	1024	0.0255460287805521	12040000	70
20220526 015528	binary	custom	TRUE	TRUE	FALSE	-100	999983	-1	0	0	0	31	31	TRUE	0.122167121426957	0.912701183510132	4451	16	0.00839607252736157	11349000	71
20220526 015712	binary	custom	TRUE	TRUE	FALSE	-100	999983	-1	0	0	0	31	427	TRUE	0.0103293670448052	0.543001469772027	2619	758	0.0157778088643851	13797000	72
20220526 015858	binary	custom	TRUE	TRUE	FALSE	-100	999983	-1	0	0	0	31	471	TRUE	0.0100008062252038	0.494506009991682	2964	1014	0.0112189184222468	13056000	73
20220526 015907	binary	custom	TRUE	TRUE	FALSE	-100	999983	-1	0	0	0	31	10	TRUE	0.249422308990606	0.219947150370366	4833	19	0.0236078022636454	12547000	74
20220526 015914	binary	custom	TRUE	TRUE	FALSE	-100	999983	-1	0	0	0	31	15	TRUE	0.28650852781046	0.998436673961465	5796	84	0.0183883998031388	13153000	75
20220526 015924	binary	custom	TRUE	TRUE	FALSE	-100	999983	-1	0	0	0	31	27	TRUE	0.299966397596026	0.203115928437978	5430	392	0.0188358869509357	13038000	76
20220526 015938	binary	custom	TRUE	TRUE	FALSE	-100	999983	-1	0	0	0	31	48	TRUE	0.216591459607975	0.561840139164062	3884	155	0.0184001787000898	12563000	77
20220526 020111	binary	custom	TRUE	TRUE	FALSE	-100	999983	-1	0	0	0	31	384	TRUE	0.0101161766832039	0.450114954313477	3246	444	0.0160671559781222	13617000	78
20220526 020118	binary	custom	TRUE	TRUE	FALSE	-100	999983	-1	0	0	0	31	15	TRUE	0.299914489489559	0.88519362007281	7973	312	0.0217794738714723	12628000	79
20220526 020143	binary	custom	TRUE	TRUE	FALSE	-100	999983	-1	0	0	0	31	133	TRUE	0.0752886503747623	0.532540437104285	6215	187	0.0183379996450937	13620000	80
20220526 020151	binary	custom	TRUE	TRUE	FALSE	-100	999983	-1	0	0	0	31	20	TRUE	0.299086237359998	0.795201091155906	6482	1023	0.0197204942314377	11981000	81
20220526 020405	binary	custom	TRUE	TRUE	FALSE	-100	999983	-1	0	0	0	31	478	TRUE	0.0100017159453155	0.59856538949577	1052	1023	0.015784388397074	13635000	82
20220526 020413	binary	custom	TRUE	TRUE	FALSE	-100	999983	-1	0	0	0	31	21	TRUE	0.299580202488318	0.999960282427326	5933	16	0.0266370794685342	12007000	83
20220526 020429	binary	custom	TRUE	TRUE	FALSE	-100	999983	-1	0	0	0	31	74	TRUE	0.0731699872702636	0.20087100276316	6103	21	0.0191010397316331	13330000	84
20220526 020440	binary	custom	TRUE	TRUE	FALSE	-100	999983	-1	0	0	0	31	23	TRUE	0.299408973118063	0.555270537877507	7764	210	0.016484006545928	12602000	85
20220526 020731	binary	custom	TRUE	TRUE	FALSE	-100	999983	-1	0	0	0	31	1172	TRUE	0.0102960830385702	0.5283392390445	4846	1024	0.0245010071981487	12244000	86
20220526 020748	binary	custom	TRUE	TRUE	FALSE	-100	999983	-1	0	0	0	31	30	TRUE	0.299160790182146	0.993984091413117	5041	411	0.016203846977084	12903000	87
20220526 020809	binary	custom	TRUE	TRUE	FALSE	-100	999983	-1	0	0	0	31	109	TRUE	0.054021435152634	0.252706998442294	7993	283	0.0182041591760007	13274000	88
20220526 020818	binary	custom	TRUE	TRUE	FALSE	-100	999983	-1	0	0	0	31	21	TRUE	0.29962404355813	0.203438608599699	6066	457	0.0246912792787989	11957000	89
20220526 020842	binary	custom	TRUE	TRUE	FALSE	-100	999983	-1	0	0	0	31	104	TRUE	0.0832204460148524	0.523366764297453	3314	284	0.0124725507192696	12903000	90
20220526 020852	binary	custom	TRUE	TRUE	FALSE	-100	999983	-1	0	0	0	31	48	TRUE	0.237812250611851	0.997918501210495	6862	373	0.0182946435596174	12332000	91
20220526 020901	binary	custom	TRUE	TRUE	FALSE	-100	999983	-1	0	0	0	31	22	TRUE	0.299926346646635	0.646390821308216	5412	17	0.0208223509956097	12308000	92
20220526 020924	binary	custom	TRUE	TRUE	FALSE	-100	999983	-1	0	0	0	31	150	TRUE	0.0839271175770246	0.207362041866602	3444	159	0.0179976094389271	12792000	93
20220526 021021	binary	custom	TRUE	TRUE	FALSE	-100	999983	-1	0	0	0	31	243	TRUE	0.0188166805510677	0.512514739998465	4109	63	0.0160820908924834	13641000	94
20220526 021036	binary	custom	TRUE	TRUE	FALSE	-100	999983	-1	0	0	0	31	63	TRUE	0.0940543475405521	0.801697642926564	3632	199	0.0162502901849331	13143000	95
20220526 021100	binary	custom	TRUE	TRUE	FALSE	-100	999983	-1	0	0	0	31	120	TRUE	0.067076292708342	0.542931134630285	7593	16	0.0214995034092954	13024000	96
20220526 021223	binary	custom	TRUE	TRUE	FALSE	-100	999983	-1	0	0	0	31	382	TRUE	0.0101101507315672	0.931853497574764	1946	388	0.0153965022315274	13227000	97
20220526 021233	binary	custom	TRUE	TRUE	FALSE	-100	999983	-1	0	0	0	31	30	TRUE	0.250604774602015	0.24823974073884	5400	629	0.0158319613850515	12841000	98
20220526 021254	binary	custom	TRUE	TRUE	FALSE	-100	999983	-1	0	0	0	31	75	TRUE	0.0738586686585227	0.527792890526343	5858	391	0.0168636589968798	13795000	99
20220526 021313	binary	custom	TRUE	TRUE	FALSE	-100	999983	-1	0	0	0	31	62	TRUE	0.0878482069841724	0.507368584948697	5839	395	0.0189804540662602	13499000	100
20220526 021415	binary	custom	TRUE	TRUE	FALSE	-100	999983	-1	0	0	0	31	215	TRUE	0.0195397581512617	0.998029384387313	965	1024	0.0154402281519609	13019000	101
20220526 021437	binary	custom	TRUE	TRUE	FALSE	-100	999983	-1	0	0	0	31	77	TRUE	0.0662516777649471	0.522687635550102	6174	17	0.0172709544247147	13590000	102
20220526 021554	binary	custom	TRUE	TRUE	FALSE	-100	999983	-1	0	0	0	31	702	TRUE	0.0100099368287783	0.758253730329526	6259	357	0.0162825685193066	13527000	103
20220526 021605	binary	custom	TRUE	TRUE	FALSE	-100	999983	-1	0	0	0	31	44	TRUE	0.299999491814734	0.201632721578999	5309	382	0.0103904432651728	11928000	104
20220526 021626	binary	custom	TRUE	TRUE	FALSE	-100	999983	-1	0	0	0	31	69	TRUE	0.0660110850606292	0.51812795509584	6172	297	0.0163050651601097	13829000	105
20220526 021642	binary	custom	TRUE	TRUE	FALSE	-100	999983	-1	0	0	0	31	70	TRUE	0.135120834134194	0.387978543162229	5662	16	0.0270982000452592	12662000	106
20220526 021703	binary	custom	TRUE	TRUE	FALSE	-100	999983	-1	0	0	0	31	69	TRUE	0.064250931089053	0.508482817392959	6162	389	0.0161905390916771	13780000	107
20220526 022010	binary	custom	TRUE	TRUE	FALSE	-100	999983	-1	0	0	0	31	62	TRUE	0.0100317773925258	0.460006172148495	3	1010	0.015538500903208	744000	108
20220526 022142	binary	custom	TRUE	TRUE	FALSE	-100	999983	-1	0	0	0	31	473	TRUE	0.0100771968321875	0.571605870972883	1095	17	0.0177205354710026	13373000	109
20220526 022320	binary	custom	TRUE	TRUE	FALSE	-100	999983	-1	0	0	0	31	493	TRUE	0.0101319416274226	0.715841422051705	1628	1024	0.0177447934349368	13744000	110
20220526 022453	binary	custom	TRUE	TRUE	FALSE	-100	999983	-1	0	0	0	31	336	TRUE	0.0136032623467546	0.590203921459895	1091	373	0.0153215156003021	13641000	111
20220526 022503	binary	custom	TRUE	TRUE	FALSE	-100	999983	-1	0	0	0	31	33	TRUE	0.151290394981295	0.761680082121646	8000	1024	0.0164537926832244	13242000	112
20220526 022657	binary	custom	TRUE	TRUE	FALSE	-100	999983	-1	0	0	0	31	982	TRUE	0.0102183044328115	0.222007982404313	826	23	0.0145147718713154	13451000	113
20220526 022817	binary	custom	TRUE	TRUE	FALSE	-100	999983	-1	0	0	0	31	165	TRUE	0.0101580987172485	0.607680461853451	1336	925	0.0156434532513803	13603000	114
20220526 022924	binary	custom	TRUE	TRUE	FALSE	-100	999983	-1	0	0	0	31	108	TRUE	0.0101929730041143	0.999220001434138	765	84	0.0122642324020684	13241000	115
20220526 023059	binary	custom	TRUE	TRUE	FALSE	-100	999983	-1	0	0	0	31	600	TRUE	0.0101942051805021	0.582763696188663	7536	1024	0.0160262592266779	13523000	116
20220526 023258	binary	custom	TRUE	TRUE	FALSE	-100	999983	-1	0	0	0	31	603	TRUE	0.0101557889267686	0.551974221313577	5597	262	0.0165061003888489	13742000	117
20220526 023505	binary	custom	TRUE	TRUE	FALSE	-100	999983	-1	0	0	0	31	441	TRUE	0.0100222088489377	0.424124900598799	3612	18	0.0169217604209334	13523000	118
20220526 023554	binary	custom	TRUE	TRUE	FALSE	-100	999983	-1	0	0	0	31	172	TRUE	0.0395117689721581	0.50315659914484	2719	72	0.0161525014091893	13460000	119
20220526 023618	binary	custom	TRUE	TRUE	FALSE	-100	999983	-1	0	0	0	31	12	TRUE	0.298884719717518	0.810602564979718	1190	1024	0.0151345893365421	11225000	120
