max_depth	min_bucket	min_split	peso_error	ganancia_promedio
5	550	1550	5	10684000
5	550	1550	10	10178667
5	550	1550	59	10808000
5	550	1550	60	10808000
5	550	1550	120	10500000
5	550	1500	5	10684000
5	550	1500	10	10178667
5	550	1500	59	10808000
5	550	1500	60	10808000
5	550	1500	120	10500000
5	550	1450	5	10684000
5	550	1450	10	10178667
5	550	1450	59	10808000
5	550	1450	60	10808000
5	550	1450	120	10500000
5	550	1400	5	10684000
5	550	1400	10	10178667
5	550	1400	59	10808000
5	550	1400	60	10808000
5	550	1400	120	10500000
5	550	1350	5	10684000
5	550	1350	10	10380667
5	550	1350	59	10808000
5	550	1350	60	10808000
5	550	1350	120	10500000
5	550	1300	5	10684000
5	550	1300	10	10380667
5	550	1300	59	10808000
5	550	1300	60	10808000
5	550	1300	120	10500000
5	550	1250	5	10741333
5	550	1250	10	10438000
5	550	1250	59	10808000
5	550	1250	60	10808000
5	550	1250	120	10500000
5	525	1550	5	10560667
5	525	1550	10	10178667
5	525	1550	59	11046000
5	525	1550	60	11046000
5	525	1550	120	10507333
5	525	1500	5	10560667
5	525	1500	10	10178667
5	525	1500	59	11046000
5	525	1500	60	11046000
5	525	1500	120	10507333
5	525	1450	5	10560667
5	525	1450	10	10178667
5	525	1450	59	11046000
5	525	1450	60	11046000
5	525	1450	120	10507333
5	525	1400	5	10560667
5	525	1400	10	10178667
5	525	1400	59	11046000
5	525	1400	60	11046000
5	525	1400	120	10507333
5	525	1350	5	10560667
5	525	1350	10	10348667
5	525	1350	59	11046000
5	525	1350	60	11046000
5	525	1350	120	10507333
5	525	1300	5	10560667
5	525	1300	10	10348667
5	525	1300	59	11046000
5	525	1300	60	11046000
5	525	1300	120	10507333
5	525	1250	5	10618000
5	525	1250	10	10406000
5	525	1250	59	11046000
5	525	1250	60	11046000
5	525	1250	120	10507333
5	500	1550	5	10600667
5	500	1550	10	10178667
5	500	1550	59	11070000
5	500	1550	60	11070000
5	500	1550	120	10507333
5	500	1500	5	10600667
5	500	1500	10	10178667
5	500	1500	59	11070000
5	500	1500	60	11070000
5	500	1500	120	10507333
5	500	1450	5	10600667
5	500	1450	10	10178667
5	500	1450	59	11070000
5	500	1450	60	11070000
5	500	1450	120	10507333
5	500	1400	5	10600667
5	500	1400	10	10178667
5	500	1400	59	11070000
5	500	1400	60	11070000
5	500	1400	120	10507333
5	500	1350	5	10600667
5	500	1350	10	10356000
5	500	1350	59	11070000
5	500	1350	60	11070000
5	500	1350	120	10507333
5	500	1300	5	10600667
5	500	1300	10	10356000
5	500	1300	59	11070000
5	500	1300	60	11070000
5	500	1300	120	10507333
5	500	1250	5	10705333
5	500	1250	10	10460667
5	500	1250	59	11070000
5	500	1250	60	11070000
5	500	1250	120	10507333
5	475	1550	5	10600667
5	475	1550	10	10143333
5	475	1550	59	11029333
5	475	1550	60	11029333
5	475	1550	120	10738000
5	475	1500	5	10600667
5	475	1500	10	10143333
5	475	1500	59	11029333
5	475	1500	60	11029333
5	475	1500	120	10738000
5	475	1450	5	10600667
5	475	1450	10	10143333
5	475	1450	59	11029333
5	475	1450	60	11029333
5	475	1450	120	10738000
5	475	1400	5	10600667
5	475	1400	10	10143333
5	475	1400	59	11029333
5	475	1400	60	11029333
5	475	1400	120	10738000
5	475	1350	5	10600667
5	475	1350	10	10199333
5	475	1350	59	11029333
5	475	1350	60	11029333
5	475	1350	120	10738000
5	475	1300	5	10600667
5	475	1300	10	10199333
5	475	1300	59	11029333
5	475	1300	60	11029333
5	475	1300	120	10738000
5	475	1250	5	10705333
5	475	1250	10	10304000
5	475	1250	59	11029333
5	475	1250	60	11029333
5	475	1250	120	10738000
5	450	1550	5	10566000
5	450	1550	10	10108667
5	450	1550	59	11120000
5	450	1550	60	11120000
5	450	1550	120	10784000
5	450	1500	5	10566000
5	450	1500	10	10108667
5	450	1500	59	11120000
5	450	1500	60	11120000
5	450	1500	120	10784000
5	450	1450	5	10566000
5	450	1450	10	10108667
5	450	1450	59	11120000
5	450	1450	60	11120000
5	450	1450	120	10784000
5	450	1400	5	10566000
5	450	1400	10	10108667
5	450	1400	59	11120000
5	450	1400	60	11120000
5	450	1400	120	10784000
5	450	1350	5	10566000
5	450	1350	10	10164667
5	450	1350	59	11120000
5	450	1350	60	11120000
5	450	1350	120	10784000
5	450	1300	5	10566000
5	450	1300	10	10164667
5	450	1300	59	11120000
5	450	1300	60	11120000
5	450	1300	120	10784000
5	450	1250	5	10670667
5	450	1250	10	10269333
5	450	1250	59	11120000
5	450	1250	60	11120000
5	450	1250	120	10784000
6	550	1550	5	10466000
6	550	1550	10	9863333
6	550	1550	59	10846667
6	550	1550	60	10846667
6	550	1550	120	11077333
6	550	1500	5	10466000
6	550	1500	10	9863333
6	550	1500	59	10846667
6	550	1500	60	10846667
6	550	1500	120	11052000
6	550	1450	5	10466000
6	550	1450	10	9863333
6	550	1450	59	10846667
6	550	1450	60	10846667
6	550	1450	120	11052000
6	550	1400	5	10466000
6	550	1400	10	9851333
6	550	1400	59	10674667
6	550	1400	60	10674667
6	550	1400	120	11052000
6	550	1350	5	10466000
6	550	1350	10	10053333
6	550	1350	59	10774667
6	550	1350	60	10774667
6	550	1350	120	10936667
6	550	1300	5	10466000
6	550	1300	10	10053333
6	550	1300	59	10762000
6	550	1300	60	10762000
6	550	1300	120	10936667
6	550	1250	5	10468667
6	550	1250	10	10059333
6	550	1250	59	10772000
6	550	1250	60	10772000
6	550	1250	120	10924000
6	525	1550	5	10289333
6	525	1550	10	9863333
6	525	1550	59	11056667
6	525	1550	60	11056667
6	525	1550	120	10776667
6	525	1500	5	10289333
6	525	1500	10	9863333
6	525	1500	59	11056667
6	525	1500	60	11056667
6	525	1500	120	10751333
6	525	1450	5	10289333
6	525	1450	10	9863333
6	525	1450	59	11056667
6	525	1450	60	11056667
6	525	1450	120	10751333
6	525	1400	5	10289333
6	525	1400	10	9851333
6	525	1400	59	10854000
6	525	1400	60	10854000
6	525	1400	120	10751333
6	525	1350	5	10289333
6	525	1350	10	10021333
6	525	1350	59	10940667
6	525	1350	60	10940667
6	525	1350	120	10636000
6	525	1300	5	10289333
6	525	1300	10	10021333
6	525	1300	59	10940667
6	525	1300	60	10940667
6	525	1300	120	10636000
6	525	1250	5	10292000
6	525	1250	10	10027333
6	525	1250	59	10950667
6	525	1250	60	10950667
6	525	1250	120	10667333
6	500	1550	5	10470000
6	500	1550	10	9648667
6	500	1550	59	11020000
6	500	1550	60	11020000
6	500	1550	120	10872000
6	500	1500	5	10470000
6	500	1500	10	9648667
6	500	1500	59	11020000
6	500	1500	60	11020000
6	500	1500	120	10896000
6	500	1450	5	10470000
6	500	1450	10	9648667
6	500	1450	59	11020000
6	500	1450	60	11020000
6	500	1450	120	10896000
6	500	1400	5	10470000
6	500	1400	10	9636667
6	500	1400	59	10817333
6	500	1400	60	10817333
6	500	1400	120	10896000
6	500	1350	5	10470000
6	500	1350	10	9814000
6	500	1350	59	10904000
6	500	1350	60	10904000
6	500	1350	120	10896000
6	500	1300	5	10470000
6	500	1300	10	9814000
6	500	1300	59	10904000
6	500	1300	60	10904000
6	500	1300	120	10896000
6	500	1250	5	10574667
6	500	1250	10	9854667
6	500	1250	59	10914000
6	500	1250	60	10914000
6	500	1250	120	10908000
6	475	1550	5	10515333
6	475	1550	10	9653333
6	475	1550	59	10978000
6	475	1550	60	10978000
6	475	1550	120	11232000
6	475	1500	5	10515333
6	475	1500	10	9653333
6	475	1500	59	10978000
6	475	1500	60	10978000
6	475	1500	120	11256000
6	475	1450	5	10515333
6	475	1450	10	9653333
6	475	1450	59	10978000
6	475	1450	60	10978000
6	475	1450	120	11256000
6	475	1400	5	10515333
6	475	1400	10	9641333
6	475	1400	59	10978000
6	475	1400	60	10978000
6	475	1400	120	11256000
6	475	1350	5	10515333
6	475	1350	10	9697333
6	475	1350	59	11132000
6	475	1350	60	11132000
6	475	1350	120	11256000
6	475	1300	5	10515333
6	475	1300	10	9697333
6	475	1300	59	11132000
6	475	1300	60	11132000
6	475	1300	120	11161333
6	475	1250	5	10620000
6	475	1250	10	9738000
6	475	1250	59	11142000
6	475	1250	60	11142000
6	475	1250	120	11173333
6	450	1550	5	10456000
6	450	1550	10	9582667
6	450	1550	59	10861333
6	450	1550	60	10861333
6	450	1550	120	11249333
6	450	1500	5	10456000
6	450	1500	10	9582667
6	450	1500	59	10861333
6	450	1500	60	10861333
6	450	1500	120	11273333
6	450	1450	5	10456000
6	450	1450	10	9582667
6	450	1450	59	10861333
6	450	1450	60	10861333
6	450	1450	120	11273333
6	450	1400	5	10456000
6	450	1400	10	9570667
6	450	1400	59	10861333
6	450	1400	60	10861333
6	450	1400	120	11273333
6	450	1350	5	10456000
6	450	1350	10	9626667
6	450	1350	59	10876000
6	450	1350	60	10876000
6	450	1350	120	11273333
6	450	1300	5	10456000
6	450	1300	10	9626667
6	450	1300	59	10876000
6	450	1300	60	10876000
6	450	1300	120	11178667
6	450	1250	5	10560667
6	450	1250	10	9667333
6	450	1250	59	10886000
6	450	1250	60	10886000
6	450	1250	120	11190667
