fecha	objective	metric	first_metric_only	boost_from_average	feature_pre_filter	verbosity	seed	max_depth	min_gain_to_split	lambda_l1	lambda_l2	max_bin	num_iterations	force_row_wise	learning_rate	feature_fraction	min_data_in_leaf	num_leaves	prob_corte	ganancia	iteracion
20220521 193636	binary	custom	TRUE	TRUE	FALSE	-100	280108	-1	0	0	0	31	48	TRUE	0.124052528775879	0.662622307855636	1178	396	0.0371342963417798	8262000	1
20220521 193705	binary	custom	TRUE	TRUE	FALSE	-100	280108	-1	0	0	0	31	40	TRUE	0.204596243240056	0.764700565123931	4461	498	0.0337693571132453	9481000	2
20220521 193742	binary	custom	TRUE	TRUE	FALSE	-100	280108	-1	0	0	0	31	26	TRUE	0.14296260564751	0.312294817743823	2773	431	0.0289542635383744	10975000	3
20220521 193839	binary	custom	TRUE	TRUE	FALSE	-100	280108	-1	0	0	0	31	104	TRUE	0.0625948456072947	0.827408224800602	4349	578	0.048405001241675	7727000	4
20220521 193907	binary	custom	TRUE	TRUE	FALSE	-100	280108	-1	0	0	0	31	36	TRUE	0.232766427477938	0.526497630532831	5440	304	0.0392521193949506	8678000	5
20220521 193932	binary	custom	TRUE	TRUE	FALSE	-100	280108	-1	0	0	0	31	33	TRUE	0.18761634134769	0.42618338287808	7833	318	0.0131243050142075	12747000	6
20220521 194005	binary	custom	TRUE	TRUE	FALSE	-100	280108	-1	0	0	0	31	51	TRUE	0.134053288898896	0.889545086557046	3019	730	0.00962545859947568	11592000	7
20220521 194037	binary	custom	TRUE	TRUE	FALSE	-100	280108	-1	0	0	0	31	50	TRUE	0.181349385887152	0.491539415316656	6238	1013	0.0401231866237746	9414000	8
20220521 194135	binary	custom	TRUE	TRUE	FALSE	-100	280108	-1	0	0	0	31	47	TRUE	0.080510548079852	0.449301769146696	1340	790	0.0248696179570591	11551000	9
20220521 194205	binary	custom	TRUE	TRUE	FALSE	-100	280108	-1	0	0	0	31	46	TRUE	0.169225343682338	0.69193806944415	3350	627	0.0327157027049301	10009000	10
20220521 194227	binary	custom	TRUE	TRUE	FALSE	-100	280108	-1	0	0	0	31	24	TRUE	0.255828008213313	0.636496396660805	4996	188	0.0123801154807249	11881000	11
20220521 194321	binary	custom	TRUE	TRUE	FALSE	-100	280108	-1	0	0	0	31	97	TRUE	0.0494027276666602	0.356799454772845	5685	233	0.0163884996121245	12929000	12
20220521 194340	binary	custom	TRUE	TRUE	FALSE	-100	280108	-1	0	0	0	31	19	TRUE	0.213601197764277	0.233365307766944	6460	55	0.0307567297699279	10380000	13
20220521 194403	binary	custom	TRUE	TRUE	FALSE	-100	280108	-1	0	0	0	31	15	TRUE	0.262213997068699	0.933009752770886	2338	847	0.0458341856729627	7569000	14
20220521 194601	binary	custom	TRUE	TRUE	FALSE	-100	280108	-1	0	0	0	31	175	TRUE	0.0225031073794235	0.757420359812677	1973	76	0.0226981258980231	12462000	15
20220521 194925	binary	custom	TRUE	TRUE	FALSE	-100	280108	-1	0	0	0	31	156	TRUE	0.0247539261191851	0.992423487817869	594	962	0.045166190120411	6904000	16
20220521 194944	binary	custom	TRUE	TRUE	FALSE	-100	280108	-1	0	0	0	31	21	TRUE	0.273805615185178	0.259705757228658	7138	700	0.0257412814860193	11689000	17
20220521 195048	binary	custom	TRUE	TRUE	FALSE	-100	280108	-1	0	0	0	31	1	TRUE	0.2953232656084	0.575716771408916	116	529	0.0178598687135188	5309000	18
20220521 195119	binary	custom	TRUE	TRUE	FALSE	-100	280108	-1	0	0	0	31	80	TRUE	0.108674023807049	0.879724895628169	7404	883	0.019467125220884	12381000	19
20220521 195159	binary	custom	TRUE	TRUE	FALSE	-100	280108	-1	0	0	0	31	59	TRUE	0.0916912521081976	0.370908331843093	3891	124	0.0431611367457663	8581000	20
20220521 195403	binary	custom	TRUE	TRUE	FALSE	-100	280108	-1	0	0	0	31	200	TRUE	0.021694517085165	0.442483842220883	3723	653	0.0193814772626153	13037000	21
20220521 195437	binary	custom	TRUE	TRUE	FALSE	-100	280108	-1	0	0	0	31	55	TRUE	0.121850825449931	0.389047882239328	6103	714	0.0131194117961098	12513000	22
20220521 195538	binary	custom	TRUE	TRUE	FALSE	-100	280108	-1	0	0	0	31	124	TRUE	0.0414043579977083	0.658052683335117	4041	106	0.0148135949345087	12982000	23
20220521 195934	binary	custom	TRUE	TRUE	FALSE	-100	280108	-1	0	0	0	31	418	TRUE	0.0100759156868274	0.341133114012029	3123	206	0.0191726006889706	13098000	24
20220521 200004	binary	custom	TRUE	TRUE	FALSE	-100	280108	-1	0	0	0	31	58	TRUE	0.0932219526817835	0.835532372667991	6885	133	0.0104451102006207	11840000	25
20220521 200104	binary	custom	TRUE	TRUE	FALSE	-100	280108	-1	0	0	0	31	98	TRUE	0.0598684535731976	0.47138934457571	4029	269	0.0197207162398733	12821000	26
20220521 200602	binary	custom	TRUE	TRUE	FALSE	-100	280108	-1	0	0	0	31	543	TRUE	0.0100624911825883	0.454534397791209	2946	376	0.0149284224271366	13301000	27
20220521 201052	binary	custom	TRUE	TRUE	FALSE	-100	280108	-1	0	0	0	31	702	TRUE	0.0102657305868932	0.240207932727066	2696	904	0.0154190374784999	13070000	28
20220521 201220	binary	custom	TRUE	TRUE	FALSE	-100	280108	-1	0	0	0	31	240	TRUE	0.0261866836817366	0.239244684673619	7988	620	0.0175942272718267	12855000	29
20220521 201638	binary	custom	TRUE	TRUE	FALSE	-100	280108	-1	0	0	0	31	726	TRUE	0.0100570280711177	0.205129191239178	4217	328	0.0105457824179154	12287000	30
20220521 202128	binary	custom	TRUE	TRUE	FALSE	-100	280108	-1	0	0	0	31	501	TRUE	0.0101173799883787	0.623181415727766	2690	785	0.017339866150959	13082000	31
20220521 202311	binary	custom	TRUE	TRUE	FALSE	-100	280108	-1	0	0	0	31	198	TRUE	0.02549210803878	0.458777685813624	2636	16	0.0151279890345701	13358000	32
20220521 202503	binary	custom	TRUE	TRUE	FALSE	-100	280108	-1	0	0	0	31	219	TRUE	0.0350614523685889	0.357856206378753	2721	561	0.016358321231567	13102000	33
20220521 203027	binary	custom	TRUE	TRUE	FALSE	-100	280108	-1	0	0	0	31	587	TRUE	0.0100922883385482	0.518508909452113	2742	144	0.0151298331196886	13203000	34
20220521 203216	binary	custom	TRUE	TRUE	FALSE	-100	280108	-1	0	0	0	31	240	TRUE	0.0280507646654127	0.454334058364766	3151	16	0.0153466342273012	13254000	35
20220521 203613	binary	custom	TRUE	TRUE	FALSE	-100	280108	-1	0	0	0	31	413	TRUE	0.0101290409427993	0.512063444556572	5391	1021	0.0168460262728481	13020000	36
20220521 203634	binary	custom	TRUE	TRUE	FALSE	-100	280108	-1	0	0	0	31	16	TRUE	0.241200508496811	0.427809023181822	8000	1023	0.0149865799194516	12316000	37
20220521 204026	binary	custom	TRUE	TRUE	FALSE	-100	280108	-1	0	0	0	31	673	TRUE	0.0102753939403412	0.272006300112375	2093	16	0.0152393092924813	13105000	38
20220521 204437	binary	custom	TRUE	TRUE	FALSE	-100	280108	-1	0	0	0	31	674	TRUE	0.0103010620767717	0.335103236526395	7110	1024	0.022534947997084	12537000	39
20220521 204845	binary	custom	TRUE	TRUE	FALSE	-100	280108	-1	0	0	0	31	691	TRUE	0.0100454552011805	0.640025865458232	5255	449	0.016751896038664	13104000	40
20220521 205226	binary	custom	TRUE	TRUE	FALSE	-100	280108	-1	0	0	0	31	490	TRUE	0.0111558863397835	0.463996000135474	7999	17	0.0193484560821524	12843000	41
20220521 205303	binary	custom	TRUE	TRUE	FALSE	-100	280108	-1	0	0	0	31	51	TRUE	0.0893669556145321	0.455739027284432	8000	408	0.0207059924315223	12635000	42
20220521 205640	binary	custom	TRUE	TRUE	FALSE	-100	280108	-1	0	0	0	31	412	TRUE	0.0101076642819355	0.468036220328208	7221	406	0.0161391427915408	12954000	43
20220521 205702	binary	custom	TRUE	TRUE	FALSE	-100	280108	-1	0	0	0	31	27	TRUE	0.299250866391084	0.399582174351228	7999	18	0.0153477213268598	12399000	44
20220521 210158	binary	custom	TRUE	TRUE	FALSE	-100	280108	-1	0	0	0	31	547	TRUE	0.0100450122556782	0.420805102273973	2873	1024	0.0221612783684991	12385000	45
20220521 210709	binary	custom	TRUE	TRUE	FALSE	-100	280108	-1	0	0	0	31	736	TRUE	0.0110466686109738	0.45971900909429	4568	794	0.014928147518094	13292000	46
20220521 211004	binary	custom	TRUE	TRUE	FALSE	-100	280108	-1	0	0	0	31	337	TRUE	0.0134495471937645	0.62058106419656	3658	841	0.0139493036780798	13223000	47
20220521 211300	binary	custom	TRUE	TRUE	FALSE	-100	280108	-1	0	0	0	31	380	TRUE	0.0108730220435687	0.998794481377467	4598	777	0.014834249697983	12911000	48
20220521 211646	binary	custom	TRUE	TRUE	FALSE	-100	280108	-1	0	0	0	31	399	TRUE	0.0101788611067665	0.547674563955644	5882	778	0.0149774068127054	12900000	49
20220521 211708	binary	custom	TRUE	TRUE	FALSE	-100	280108	-1	0	0	0	31	29	TRUE	0.149198126004216	0.223877333352148	7409	16	0.0168259803767027	12442000	50
20220521 212218	binary	custom	TRUE	TRUE	FALSE	-100	280108	-1	0	0	0	31	563	TRUE	0.0103683574765425	0.436072269658232	2477	765	0.0135123471391966	13356000	51
20220521 212537	binary	custom	TRUE	TRUE	FALSE	-100	280108	-1	0	0	0	31	342	TRUE	0.0162189999206244	0.454991290464377	2614	752	0.0141801480353881	13137000	52
20220521 213128	binary	custom	TRUE	TRUE	FALSE	-100	280108	-1	0	0	0	31	675	TRUE	0.0100096290577119	0.422554928833967	2285	462	0.0127709380564815	12990000	53
20220521 213642	binary	custom	TRUE	TRUE	FALSE	-100	280108	-1	0	0	0	31	758	TRUE	0.0101042961568818	0.36627061070438	3896	1023	0.00880979405513626	11730000	54
20220521 214217	binary	custom	TRUE	TRUE	FALSE	-100	280108	-1	0	0	0	31	931	TRUE	0.0102289767755921	0.33991723907528	4208	454	0.0170040974867631	13037000	55
20220521 214728	binary	custom	TRUE	TRUE	FALSE	-100	280108	-1	0	0	0	31	643	TRUE	0.0100193765823283	0.289455467971267	2230	831	0.016377615642821	13141000	56
20220521 215217	binary	custom	TRUE	TRUE	FALSE	-100	280108	-1	0	0	0	31	614	TRUE	0.0100970946625599	0.445048531329416	4605	850	0.0133643535681603	13036000	57
20220521 215234	binary	custom	TRUE	TRUE	FALSE	-100	280108	-1	0	0	0	31	16	TRUE	0.2534597887325	0.200653019096068	7593	158	0.00846605486794984	11194000	58
20220521 215633	binary	custom	TRUE	TRUE	FALSE	-100	280108	-1	0	0	0	31	474	TRUE	0.0105952700315874	0.470932355481391	5410	364	0.0243450767339673	12229000	59
20220521 220115	binary	custom	TRUE	TRUE	FALSE	-100	280108	-1	0	0	0	31	606	TRUE	0.0100924401192437	0.590579773632363	3979	821	0.015886793949237	13125000	60
20220521 220652	binary	custom	TRUE	TRUE	FALSE	-100	280108	-1	0	0	0	31	927	TRUE	0.0102681942584267	0.44329748731206	6516	643	0.0192862727893001	12960000	61
20220521 220827	binary	custom	TRUE	TRUE	FALSE	-100	280108	-1	0	0	0	31	216	TRUE	0.018490130154005	0.782786289219592	2444	18	0.0187505549300422	13069000	62
20220521 220855	binary	custom	TRUE	TRUE	FALSE	-100	280108	-1	0	0	0	31	57	TRUE	0.105329114111916	0.664290598599559	7999	346	0.0150777215470701	12820000	63
20220521 221403	binary	custom	TRUE	TRUE	FALSE	-100	280108	-1	0	0	0	31	571	TRUE	0.0103576771616488	0.40807793771043	2391	393	0.0195718455190691	12969000	64
20220521 221547	binary	custom	TRUE	TRUE	FALSE	-100	280108	-1	0	0	0	31	237	TRUE	0.0320706994250963	0.590939199440903	4948	812	0.0184714211688351	13008000	65
20220521 221646	binary	custom	TRUE	TRUE	FALSE	-100	280108	-1	0	0	0	31	118	TRUE	0.0572036690101133	0.287235713300909	2810	27	0.0134524136084662	13144000	66
20220521 221740	binary	custom	TRUE	TRUE	FALSE	-100	280108	-1	0	0	0	31	92	TRUE	0.0672409656671444	0.449007593955763	4997	450	0.0149697857036681	12877000	67
20220521 221945	binary	custom	TRUE	TRUE	FALSE	-100	280108	-1	0	0	0	31	340	TRUE	0.0179412122339318	0.996826248847426	5516	190	0.0206496702573149	12513000	68
20220521 222005	binary	custom	TRUE	TRUE	FALSE	-100	280108	-1	0	0	0	31	35	TRUE	0.225347164851435	0.992690312850499	7893	17	0.0137961737445192	12863000	69
20220521 222051	binary	custom	TRUE	TRUE	FALSE	-100	280108	-1	0	0	0	31	98	TRUE	0.0456634043574552	0.853677062895463	7469	17	0.0175895360419345	12881000	70
20220521 222108	binary	custom	TRUE	TRUE	FALSE	-100	280108	-1	0	0	0	31	20	TRUE	0.299174323368044	0.969795023954821	7990	599	0.0127987059424209	12532000	71
20220521 222151	binary	custom	TRUE	TRUE	FALSE	-100	280108	-1	0	0	0	31	114	TRUE	0.0617385102329116	0.763220190235768	7999	996	0.0267103617027248	11804000	72
20220521 222351	binary	custom	TRUE	TRUE	FALSE	-100	280108	-1	0	0	0	31	297	TRUE	0.0146404957750037	0.750429618396249	2739	17	0.0134713318307806	13311000	73
20220521 222847	binary	custom	TRUE	TRUE	FALSE	-100	280108	-1	0	0	0	31	804	TRUE	0.0101695274225634	0.39749309179169	2766	17	0.0134978373901503	13258000	74
20220521 223405	binary	custom	TRUE	TRUE	FALSE	-100	280108	-1	0	0	0	31	622	TRUE	0.0100261426123326	0.443668139584693	3118	769	0.0133897954418205	13200000	75
20220521 223804	binary	custom	TRUE	TRUE	FALSE	-100	280108	-1	0	0	0	31	392	TRUE	0.0101019199588	0.760001687637102	2253	1012	0.0133962663135391	13105000	76
20220521 223917	binary	custom	TRUE	TRUE	FALSE	-100	280108	-1	0	0	0	31	128	TRUE	0.0346563317401836	0.403167824920932	2530	16	0.0167825214252437	13159000	77
20220521 224029	binary	custom	TRUE	TRUE	FALSE	-100	280108	-1	0	0	0	31	143	TRUE	0.0364565957154037	0.340219368241196	2999	17	0.021017882569533	13224000	78
20220521 224320	binary	custom	TRUE	TRUE	FALSE	-100	280108	-1	0	0	0	31	319	TRUE	0.010180494137202	0.234590196252409	5043	797	0.0165300004433423	13021000	79
20220521 224441	binary	custom	TRUE	TRUE	FALSE	-100	280108	-1	0	0	0	31	184	TRUE	0.0320911301445431	0.297669465594631	5495	16	0.0202895113758838	12710000	80
20220521 224459	binary	custom	TRUE	TRUE	FALSE	-100	280108	-1	0	0	0	31	22	TRUE	0.20946103871722	0.950079846093721	7999	329	0.0167324352043928	13034000	81
20220521 224519	binary	custom	TRUE	TRUE	FALSE	-100	280108	-1	0	0	0	31	26	TRUE	0.196472647589242	0.808970515359486	6948	348	0.0148814809795256	12527000	82
20220521 224536	binary	custom	TRUE	TRUE	FALSE	-100	280108	-1	0	0	0	31	21	TRUE	0.250271424149598	0.988232371026559	7999	20	0.0193413231052313	12495000	83
20220521 224843	binary	custom	TRUE	TRUE	FALSE	-100	280108	-1	0	0	0	31	568	TRUE	0.0117687249728103	0.639958042226711	3027	16	0.0203797535438553	13079000	84
20220521 224937	binary	custom	TRUE	TRUE	FALSE	-100	280108	-1	0	0	0	31	118	TRUE	0.0540951667902522	0.289354312562789	3036	16	0.0235590288572615	12604000	85
20220521 225250	binary	custom	TRUE	TRUE	FALSE	-100	280108	-1	0	0	0	31	543	TRUE	0.0100165529877694	0.966216361841333	7997	377	0.0180837216164521	12713000	86
20220521 225834	binary	custom	TRUE	TRUE	FALSE	-100	280108	-1	0	0	0	31	397	TRUE	0.0100276607117632	0.338939709772276	2081	849	0.0135397056108127	13122000	87
20220521 230439	binary	custom	TRUE	TRUE	FALSE	-100	280108	-1	0	0	0	31	593	TRUE	0.0100344760993417	0.398311923064559	3616	555	0.015034065841644	13219000	88
20220521 230505	binary	custom	TRUE	TRUE	FALSE	-100	280108	-1	0	0	0	31	30	TRUE	0.194763278916692	0.99596212015941	7999	523	0.023587815428742	12280000	89
20220521 230621	binary	custom	TRUE	TRUE	FALSE	-100	280108	-1	0	0	0	31	142	TRUE	0.0344093911942874	0.991544656676414	2500	17	0.0135991457541113	13208000	90
20220521 231103	binary	custom	TRUE	TRUE	FALSE	-100	280108	-1	0	0	0	31	463	TRUE	0.0118935384626388	0.805294963156153	2574	383	0.0135550290548401	13385000	91
20220521 231328	binary	custom	TRUE	TRUE	FALSE	-100	280108	-1	0	0	0	31	228	TRUE	0.0257707597752474	0.784911703100474	2568	316	0.0135234426401124	12864000	92
20220521 231843	binary	custom	TRUE	TRUE	FALSE	-100	280108	-1	0	0	0	31	390	TRUE	0.0101809195747239	0.767915128402037	1974	794	0.0124222533308315	12952000	93
20220521 231933	binary	custom	TRUE	TRUE	FALSE	-100	280108	-1	0	0	0	31	86	TRUE	0.0950333970868608	0.210285953284846	2675	18	0.0149889447697883	12712000	94
20220523 113254	binary	custom	TRUE	TRUE	FALSE	-100	280108	-1	0	0	0	31	420	TRUE	0.0105342065910585	0.972132660441285	4548	411	0.0139443200012686	13028000	95
20220523 113329	binary	custom	TRUE	TRUE	FALSE	-100	280108	-1	0	0	0	31	37	TRUE	0.161376708638852	0.304105159391229	7996	837	0.0179991048470401	12599000	96
20220523 113513	binary	custom	TRUE	TRUE	FALSE	-100	280108	-1	0	0	0	31	155	TRUE	0.0533739636147895	0.202571852490175	2878	796	0.0188716025187581	13248000	97
20220523 113551	binary	custom	TRUE	TRUE	FALSE	-100	280108	-1	0	0	0	31	75	TRUE	0.160698794858525	0.988648309058138	7993	19	0.0154799514908589	12905000	98
20220523 113631	binary	custom	TRUE	TRUE	FALSE	-100	280108	-1	0	0	0	31	29	TRUE	0.10810765905444	0.200323672476431	4645	1023	0.0216694373841741	12165000	99
20220523 114214	binary	custom	TRUE	TRUE	FALSE	-100	280108	-1	0	0	0	31	448	TRUE	0.0100446182907198	0.976817801844927	2146	528	0.0137015410863389	13128000	100
20220523 114246	binary	custom	TRUE	TRUE	FALSE	-100	280108	-1	0	0	0	31	21	TRUE	0.178117796601197	0.990621841699715	8000	914	0.0125081031294	12617000	101
20220523 114348	binary	custom	TRUE	TRUE	FALSE	-100	280108	-1	0	0	0	31	76	TRUE	0.0593484945861583	0.418234357121406	7714	1024	0.0175308285422016	12648000	102
20220523 114528	binary	custom	TRUE	TRUE	FALSE	-100	280108	-1	0	0	0	31	206	TRUE	0.052852545207533	0.326027219857225	7999	16	0.0150100312353047	12789000	103
20220523 114656	binary	custom	TRUE	TRUE	FALSE	-100	280108	-1	0	0	0	31	135	TRUE	0.0425460039703544	0.38875935659624	7401	386	0.0188890788892016	13099000	104
20220523 114723	binary	custom	TRUE	TRUE	FALSE	-100	280108	-1	0	0	0	31	25	TRUE	0.254953021145917	0.777896183873941	7996	399	0.0154153211406238	12856000	105
20220523 114805	binary	custom	TRUE	TRUE	FALSE	-100	280108	-1	0	0	0	31	36	TRUE	0.225238995695331	0.458542853612042	8000	515	0.020143840101054	12323000	106
20220523 115200	binary	custom	TRUE	TRUE	FALSE	-100	280108	-1	0	0	0	31	487	TRUE	0.0106382431258069	0.943141418441314	2567	16	0.0146993983268557	13394000	107
20220523 115259	binary	custom	TRUE	TRUE	FALSE	-100	280108	-1	0	0	0	31	91	TRUE	0.0504640732630008	0.784487304435208	2695	16	0.0150645515298405	13367000	108
20220523 115353	binary	custom	TRUE	TRUE	FALSE	-100	280108	-1	0	0	0	31	29	TRUE	0.142766348438369	0.595346797726608	7999	621	0.01609871790265	12726000	109
20220523 115501	binary	custom	TRUE	TRUE	FALSE	-100	280108	-1	0	0	0	31	64	TRUE	0.158681633974914	0.221518220674057	7985	1024	0.0255469667345127	11350000	110
20220523 115539	binary	custom	TRUE	TRUE	FALSE	-100	280108	-1	0	0	0	31	16	TRUE	0.281347593559285	0.999586069179328	7999	892	0.0180584030489801	13003000	111
20220523 115659	binary	custom	TRUE	TRUE	FALSE	-100	280108	-1	0	0	0	31	29	TRUE	0.138439228138849	0.998244016647338	4716	17	0.0133828092127718	12789000	112
20220523 115849	binary	custom	TRUE	TRUE	FALSE	-100	280108	-1	0	0	0	31	51	TRUE	0.160618364777158	0.273581957629327	4875	16	0.0106611496375094	11871000	113
