Feature	Gain	Cover	Frequency
ctrx_quarter	0.16494394925147	0.0157997895059179	0.0134781539758359
mtarjeta_visa_consumo	0.044290982050736	0.0117537558681903	0.0157084152851925
mcaja_ahorro	0.0436055115834419	0.0070061830737135	0.0117835066029784
mcuentas_saldo	0.0416981449713263	0.0140127952400826	0.0192557600449565
ctrx_quarter_lag1	0.028383732342141	0.00733456230788886	0.00860494520932846
cpayroll_trx	0.0218568403117604	0.00862574069931711	0.00452198651306547
mdescubierto_preacordado	0.0215390928250954	0.001141555911044	0.00151025568980051
foto_mes	0.0198645980172506	0.0153765538425716	0.0160596375386344
ctarjeta_visa	0.0166873147680731	0.000625100097978959	0.000720005619556055
mprestamos_personales	0.0156360626170996	0.00788263797712049	0.00338929474571509
mpayroll	0.0142008256311847	0.0115446157709547	0.00567223939308795
mcuenta_corriente	0.0118340951146935	0.00662848100170683	0.00989568699072773
mdescubierto_preacordado_delta1	0.0116173985592735	0.00372895369034467	0.00095708064062939
Visa_fultimo_cierre_lag1	0.0107330811773989	0.00249744467551846	0.00583906996347289
Master_status	0.0101974564813996	0.00142665222295868	0.000605858387187412
mpasivos_margen	0.00992745811101107	0.00920589494957251	0.0106156926102838
ctrx_quarter_delta1	0.00882423524853899	0.00782030384630722	0.0119152149480191
mrentabilidad_annual	0.00881902918056194	0.0080403133719896	0.0115113093565608
numero_de_cliente	0.00870953155042242	0.00976415352962965	0.0171572070806406
mactivos_margen	0.00829225252616218	0.00795618180900042	0.0135396178701883
cliente_edad_lag1	0.00812872957880805	0.00949603486127722	0.0145142596234897
cproductos_delta1	0.00802745846087694	0.00453295908596766	0.00133464456307952
cliente_edad	0.0080267842337999	0.0074706957047539	0.0129161983703287
ctarjeta_visa_trx	0.00790133425917766	0.00599024870830067	0.0110635009834223
mrentabilidad_annual_delta1	0.00783509188244301	0.00678146539701413	0.0128810761449845
mprestamos_personales_delta1	0.00680665462864185	0.00950772319514011	0.00353856420342793
Master_fechaalta	0.00663235771401642	0.00941035009619693	0.0119854593987075
Visa_fechaalta_lag1	0.00656559862001209	0.00455447895553179	0.00975519808935094
Visa_Fvencimiento	0.00627405318179167	0.00810523936332955	0.0116430177016016
Master_Fvencimiento	0.00612246873934155	0.00608178326813364	0.0108791093003653
mcuenta_corriente_lag1	0.00598202014407054	0.00717575422785664	0.0103434953638663
Master_Fvencimiento_lag1	0.00593810060850596	0.00456128080918517	0.0113181371171677
Visa_Fvencimiento_lag1	0.00589760419954582	0.00468219160045347	0.0107913037370048
Visa_fechaalta	0.00577757695888255	0.0046600758709597	0.00983422309637539
mrentabilidad	0.0056852615725303	0.00475972414106063	0.00842055352627143
chomebanking_trx	0.00552787437448642	0.00454133718898005	0.00956202584995785
mcaja_ahorro_dolares_delta1	0.00548326248394491	0.00657235424285923	0.00608492554088227
mcuentas_saldo_delta1	0.00541757640412303	0.00862272602479254	0.0102644703568418
Visa_status	0.00533528362312359	0.00108855109988487	0.000649761168867659
Master_fechaalta_lag1	0.0050539116539221	0.00538816004393487	0.0101327620118011
mrentabilidad_annual_lag1	0.00503085330927057	0.00685714917920424	0.00923714526552402
mcaja_ahorro_lag1	0.00500628318497061	0.00604441507113454	0.00959714807530205
mactivos_margen_lag1	0.00468286438457234	0.00670358377835258	0.0080254284911492
mcomisiones_mantenimiento	0.00467860947797573	0.00646625028753745	0.00467125597077831
mprestamos_personales_lag1	0.00466385052225568	0.00307531142700769	0.00174733071087384
ccaja_ahorro	0.00464526380653103	0.00360394913768614	0.00290636414723237
mcaja_ahorro_delta1	0.00461981041847582	0.00695835708319197	0.00820103961787019
Visa_mpagominimo	0.00456451234378601	0.00623259754494619	0.00922836470918797
mcuenta_corriente_delta1	0.00449669282425735	0.00776124089615632	0.00841177296993538
mtransferencias_recibidas	0.00448521835796376	0.00461438339895265	0.00695420061815117
mrentabilidad_delta1	0.00440504451494495	0.00417982991911686	0.00780591458274796
mactivos_margen_delta1	0.00439870114449488	0.00417378517969946	0.00778835347007586
cliente_antiguedad_lag1	0.00439094613424613	0.00474480589722441	0.0087717757797134
Visa_mpagospesos_lag1	0.00416034825921638	0.00484054570290629	0.00831518685023883
Visa_mlimitecompra_lag1	0.00408551390063248	0.00378708609748284	0.00448686428772127
Visa_mfinanciacion_limite	0.00396859620242674	0.00451270451906834	0.00604980331553807
mcuentas_saldo_lag1	0.00394792017872587	0.00711427812921655	0.00798152570946895
mrentabilidad_lag1	0.00391155661346779	0.00313229445694155	0.00734054509693734
Master_mfinanciacion_limite	0.00389369994405369	0.00455608047265959	0.00733176454060129
cliente_antiguedad	0.00386292770366653	0.00408371270485193	0.00820982017420624
Visa_fultimo_cierre	0.00379477680160363	0.00440281024528889	0.00710347007586401
Visa_mpagominimo_lag1	0.00379031587286066	0.00518895301288976	0.00696298117448722
chomebanking_trx_delta1	0.00373770490071512	0.00630776999937863	0.00738444787861759
cproductos	0.00371927321122087	0.0065441191957456	0.00700688395616746
mcaja_ahorro_dolares_lag1	0.00347409181765032	0.00414476836313302	0.00622541444225906
ccomisiones_mantenimiento_delta1	0.00339424703525208	0.0052228794335026	0.00145757235178421
mcomisiones_otras	0.00337498381953589	0.00365148079698568	0.00528589491430177
Visa_mpagospesos_delta1	0.00335900869996388	0.00484082158100017	0.00718249508288845
mtransferencias_recibidas_lag1	0.00332500085964845	0.0055367238048065	0.00640102556898005
Visa_msaldototal	0.00315746859025688	0.00228702411495686	0.00390734756954201
Master_fultimo_cierre_lag1	0.00312350228269981	0.00411361948286302	0.00616395054790672
Visa_mpagospesos	0.00311844037255083	0.00506230023601565	0.00656785613936499
chomebanking_trx_lag1	0.00311311238512839	0.00320100693828935	0.00676102837875808
Master_mfinanciacion_limite_lag1	0.00306277276005388	0.00493602999784734	0.00551418937903906
Visa_Finiciomora	0.00305966546364765	0.00594287822673847	0.00129952233773532
Visa_cconsumos_lag1	0.00305092786119938	0.00440236698736898	0.00576004495644844
Visa_mconsumospesos	0.0029766456332784	0.00279286065048615	0.00638346445630795
Visa_mpagominimo_delta1	0.00296335879843101	0.00325965074975419	0.00534735880865412
ccomisiones_mantenimiento	0.00295108103874376	0.00283723023994313	0.00123805844338297
mpasivos_margen_delta1	0.00286381955268303	0.00370564999287241	0.00636590334363585
Visa_mfinanciacion_limite_lag1	0.00284710587839983	0.00277209559808811	0.00513662545658893
mcomisiones	0.00284517469462434	0.00247663345201562	0.00496101432986794
Master_fultimo_cierre	0.00282984757794388	0.00294553823382505	0.00586541163248103
Visa_mconsumospesos_lag1	0.002820600415886	0.00264274713312826	0.00560199494239955
ccomisiones_otras	0.0027879105048612	0.00487217183773058	0.00514540601292498
thomebanking	0.00278724945884316	0.00193598068756682	0.00155415847148075
mcaja_ahorro_dolares	0.00278140649367276	0.00552736117763896	0.00550540882270301
mpayroll_lag1	0.00267387445876161	0.0066902370365976	0.00436393649901658
mpasivos_margen_lag1	0.00259899857203804	0.00383778388478174	0.00576882551278449
mcomisiones_otras_lag1	0.00239806328944823	0.00149823405087595	0.00421466704130374
cmobile_app_trx	0.00239580610918721	0.0031057979088902	0.00493467266085979
mcuenta_debitos_automaticos	0.00239519093012572	0.00654123912951662	0.00369661421747682
Visa_cconsumos	0.00239029206483773	0.00264165648434415	0.0047766226468109
mcomisiones_mantenimiento_lag1	0.0023759747998632	0.00586161202873095	0.0040478364709188
Master_mlimitecompra	0.0023433264658543	0.00259205654331501	0.00386344478786176
Visa_msaldopesos	0.00233137589509643	0.00333264290201536	0.00520686990727733
Visa_mconsumospesos_delta1	0.00232602231986951	0.0041329840117487	0.00550540882270301
mtransferencias_emitidas	0.00227295213403211	0.00880604192633373	0.00592687552683338
ccomisiones_otras_lag1	0.00220894500668006	0.00460501166007454	0.00440783928069683
mtarjeta_visa_debitos_automaticos_lag1	0.00220058452028434	0.00516063887000289	0.00442540039336892
Visa_mlimitecompra	0.00218321126569316	0.00227143558612653	0.00378441978083731
Visa_mconsumosdolares_lag1	0.00214940176125086	0.00312909930929257	0.00485564765383535
mtransferencias_recibidas_delta1	0.00214830949855168	0.00337649542103995	0.00464491430177016
tcallcenter	0.00210157466862214	0.000931316589296777	0.000948300084293341
mcomisiones_lag1	0.00197970082841799	0.00131549188082447	0.00366149199213262
mtarjeta_visa_debitos_automaticos_delta1	0.00197765404394404	0.00451040553495272	0.00311709749929756
cprestamos_personales	0.00194510457098867	0.00247175080025593	0.00108878898567013
mtransferencias_emitidas_delta1	0.00193112551871716	0.00395135048419547	0.00381076144984546
mcomisiones_otras_delta1	0.00192104801766504	0.00191440009878858	0.00389856701320596
cmobile_app_trx_lag1	0.00190814994172328	0.00340109298141264	0.00420588648496769
Visa_msaldopesos_delta1	0.00190542128775177	0.00288448226926797	0.00351222253441978
mtransferencias_emitidas_lag1	0.00190480410845039	0.00264756240417115	0.00463613374543411
mtarjeta_visa_debitos_automaticos	0.00189155014644145	0.00260376287089205	0.00380198089350941
Master_mlimitecompra_lag1	0.00182324922213892	0.00250712498745189	0.00338929474571509
cproductos_lag1	0.00181797294400199	0.0029081627627713	0.00343319752739534
Visa_mconsumosdolares	0.00177166255368539	0.00269257157445471	0.00375807811182917
mcomisiones_delta1	0.00176481443222136	0.00328607095851616	0.00372295588648497
ccaja_ahorro_delta1	0.00175349362935069	0.00564772771648115	0.000561955605507165
ccallcenter_trx_delta1	0.00174026324445476	0.00295872050537586	0.00135220567575162
mautoservicio	0.00170424601081521	0.00620474151436452	0.0039600309075583
ctarjeta_visa_trx_lag1	0.00170417494593509	0.00562235834062518	0.00388978645686991
mtarjeta_master_consumo	0.0016466031852414	0.00180576477244724	0.00128196122506322
Visa_msaldopesos_lag1	0.00164253437171987	0.00247836215024637	0.00318734194998595
mpayroll_delta1	0.00163971848214698	0.00735826891141994	0.00411808092160719
ctransferencias_recibidas_lag1	0.00161116801512554	0.00255892973273112	0.00382832256251756
Visa_msaldototal_lag1	0.00160463739200949	0.00173439527035686	0.00299416971059286
Visa_msaldototal_delta1	0.00159291995290741	0.00237004542749887	0.00369661421747682
mpagomiscuentas	0.00159198105974206	0.00334112559827677	0.00294148637257657
internet	0.00158652692029109	0.00343609404788936	0.00223904186569261
ctransferencias_recibidas	0.00156671313600941	0.00283974553147346	0.00296782804158471
ccallcenter_trx	0.00153168239225246	0.00687047455820925	0.00270441135150323
ctarjeta_visa_debitos_automaticos_lag1	0.00150509184402909	0.00323449469512206	0.00257270300646249
mtarjeta_visa_consumo_lag1	0.00149609934391278	0.0045091931414644	0.00322246417533015
Visa_cconsumos_delta1	0.00145306473339382	0.0032728413673256	0.0031434391683057
Visa_Finiciomora_lag1	0.00144674456471561	0.00458934755764481	0.000913177858949143
mpagomiscuentas_lag1	0.00136000350825596	0.00388377428675361	0.00288880303456027
Visa_mconsumosdolares_delta1	0.00135902844866556	0.00226532538021724	0.00283611969654397
ccaja_seguridad	0.00131383190527273	0.00338044492644104	0.000711225063220006
mautoservicio_lag1	0.00130011404080997	0.00300774089567157	0.00310831694296151
Master_mpagospesos_lag1	0.00127765420379558	0.00305689336748599	0.00264294745715089
cmobile_app_trx_delta1	0.0012360449818732	0.00299210198444163	0.00292392525990447
ctarjeta_debito_lag1	0.00121624648572935	0.00150301731607837	0.00216879741500421
ctarjeta_debito	0.00121397813609311	0.00152008898636814	0.00229172520370891
Visa_fultimo_cierre_delta1	0.00120101643556409	0.00217233271698665	0.00230928631638101
mtarjeta_visa_consumo_delta1	0.00119255468711242	0.00291513835147741	0.00288002247822422
Master_mpagominimo_lag1	0.0011845265360116	0.00219704206809403	0.00203708906996347
mautoservicio_delta1	0.00114831464617981	0.00470133767799254	0.00300295026692891
ctransferencias_emitidas	0.00113704602868697	0.00486060310464	0.00278343635852768
ctarjeta_debito_trx	0.00113432688932833	0.00152654114941515	0.00273953357684743
Master_msaldopesos	0.00110719574099989	0.00311024028892084	0.00205465018263557
Master_fultimo_cierre_delta1	0.00110227471042548	0.00146398527478844	0.00223904186569261
mcuenta_debitos_automaticos_lag1	0.00110015839619571	0.00198230676801872	0.00229172520370891
ccomisiones_otras_delta1	0.00107155479725393	0.00127896333943942	0.00195806406293903
Master_mpagominimo	0.00106281574436459	0.00394492695795308	0.0023444085417252
Master_mpagospesos	0.00105560834956455	0.00377521476371866	0.00301173082326496
ctarjeta_debito_trx_lag1	0.00102890662090317	0.00362556938920449	0.00313465861196965
Master_msaldototal	0.00100495937545798	0.00286502126344689	0.00209855296431582
ctransferencias_emitidas_lag1	0.000983081976471933	0.00345182017120614	0.00199318628828323
mcomisiones_mantenimiento_delta1	0.000979200301852136	0.00870332545997978	0.00167708626018545
mdescubierto_preacordado_lag1	0.000975174363143786	0.000841334236157961	0.000992202865973588
internet_lag1	0.00093678525590871	0.00267696489877224	0.001598061253161
ctarjeta_visa_trx_delta1	0.000884257309838824	0.00260999941564533	0.00201952795729137
ctarjeta_master	0.000872914393137634	0.000170525356975737	0.000237075021073335
ccaja_seguridad_lag1	0.000859632925968215	0.000655066676376208	0.000289758359089632
Master_mpagospesos_delta1	0.000851549790903872	0.00431422152445277	0.00201952795729137
Master_msaldopesos_lag1	0.00084940919717311	0.0012751406322963	0.00145757235178421
cplazo_fijo	0.00084132555179138	0.00278914513993792	0.000386344478786176
ctransferencias_emitidas_delta1	0.000840490393836592	0.00244887144816148	0.00169464737285754
Master_msaldototal_lag1	0.000837625903672397	0.00199863656130278	0.00207221129530767
mextraccion_autoservicio_lag1	0.000821386825310126	0.00153211659745389	0.00235318909806125
ctransferencias_recibidas_delta1	0.000818505801535254	0.00207985030954779	0.00207221129530767
Master_mconsumospesos_lag1	0.000798220294321237	0.00228756859708996	0.00187903905591458
ctarjeta_debito_trx_delta1	0.000786449047593135	0.00336729113855687	0.00206343073897162
ccajas_consultas_delta1	0.000753451163125809	0.0040558013914549	0.000763908401236302
ctarjeta_visa_debitos_automaticos	0.00075097567281318	0.00154372139454175	0.00164196403484125
mextraccion_autoservicio	0.000740084398748102	0.00187633466450866	0.00172976959820174
Visa_mpagado	0.000719200327528891	0.00237894710930835	0.00164196403484125
mcuenta_debitos_automaticos_delta1	0.00070400775767534	0.00370382887586306	0.00169464737285754
mtarjeta_master_consumo_lag1	0.000684764271379803	0.002240844510995	0.00105366676032593
mextraccion_autoservicio_delta1	0.000683586996219314	0.00322934052970129	0.00173855015453779
ccaja_ahorro_lag1	0.000665083513011162	0.00109643954416555	0.00100098342230964
Master_mfinanciacion_limite_delta1	0.000655311228390471	0.0062032140394562	0.00116781399269458
Master_mconsumospesos	0.000652379658029285	0.00201389745139769	0.00189660016858668
mprestamos_prendarios	0.000638751724169693	0.00666484989673447	0.000702444506883956
Master_status_lag1	0.000616012279520095	0.00211084344847919	0.000360002809778028
ccuenta_debitos_automaticos_lag1	0.000615322603508166	0.0029484460945997	0.00123805844338297
ccuenta_debitos_automaticos	0.000605652694536835	0.00197063604502499	0.00129952233773532
matm_lag1	0.000602589466034524	0.00198958296660453	0.00171220848552964
cpagomiscuentas_lag1	0.000595210309188836	0.00104739541748097	0.00138732790109581
ccomisiones_mantenimiento_lag1	0.000594264867806628	0.0011771437257398	0.000974641753301489
mplazo_fijo_dolares	0.000559734526411319	0.0028960604203451	0.00048293059848272
cpagomiscuentas	0.000559638685359352	0.00199423629422013	0.00129952233773532
thomebanking_lag1	0.000552925443175162	0.000666762207724757	0.00102732509131779
Visa_mpagado_delta1	0.000548584703619732	0.00162704982532815	0.000974641753301489
mplazo_fijo_dolares_delta1	0.000516533867387801	0.00423298740885473	0.000570736161843214
Master_msaldototal_delta1	0.000515605356138487	0.0021185233953828	0.00096586119696544
mpagomiscuentas_delta1	0.000514109803609444	0.00143627671609376	0.0015278168024726
ctarjeta_visa_debitos_automaticos_delta1	0.000498211011445382	0.00206548221395039	0.00080781118291655
cextraccion_autoservicio	0.000498105529118111	0.00131429135553059	0.000948300084293341
Master_mconsumospesos_delta1	0.000493006630619289	0.00178837212492475	0.00122049733071087
Visa_msaldodolares_lag1	0.000491777475614945	0.00134894426278087	0.00139610845743186
matm	0.00048433006939156	0.00130004975191517	0.00145757235178421
Visa_mfinanciacion_limite_delta1	0.000484311448349216	0.00098479076840358	0.000834152851924698
cpayroll_trx_lag1	0.00047064792358093	0.000390373781489778	0.000509272267490868
ccajas_trx_delta1	0.000464116270714417	0.00166691930173124	0.000561955605507165
Visa_mpagosdolares	0.000454217304609622	0.000731317145708359	0.00095708064062939
mttarjeta_master_debitos_automaticos_lag1	0.000435426091587282	0.00178638630800423	0.000825372295588648
ccajas_otras_delta1	0.000427676321565427	0.00147926055985467	0.000228294464737286
Master_msaldopesos_delta1	0.000427522719095048	0.00166870588612323	0.00095708064062939
Master_Fvencimiento_delta1	0.000426484762688949	0.000141978520908939	0.000623419499859511
Master_mpagominimo_delta1	0.000426252536536438	0.00196838813242994	0.00101854453498174
Visa_mpagosdolares_lag1	0.000419069818870246	0.000846592841689767	0.00095708064062939
ccallcenter_trx_lag1	0.000414764511307278	0.00241070769929024	0.000878055633604945
cextraccion_autoservicio_lag1	0.00040696102771557	0.00286878853463665	0.00116781399269458
Visa_mlimitecompra_delta1	0.000383476901822441	0.000591371608221694	0.000781469513908401
Visa_Fvencimiento_delta1	0.00038030770811497	0.000223778021976079	0.000676102837875808
Master_cconsumos	0.000379034140890136	0.00143946566165404	0.000904397302613094
matm_delta1	0.000376739148538142	0.000945364703058395	0.00108878898567013
thomebanking_delta1	0.000370976985331855	0.000950095901343293	0.000693663950547907
catm_trx_lag1	0.000370485237000693	0.00245561089808283	0.00109756954200618
tpaquete7	0.000366332764312559	0.00119457634227839	0.000210733352065187
cprestamos_personales_lag1	0.000361992154360065	0.000758231301065836	0.000491711154818769
Visa_mpagado_lag1	0.000360655771247001	0.00119729791068491	0.00080781118291655
tcallcenter_lag1	0.000355601955264279	0.00103605478343054	0.000465369485810621
mtarjeta_master_consumo_delta1	0.000353645836957313	0.00283461900746037	0.000825372295588648
catm_trx	0.000353463232720805	0.00232709358957843	0.000834152851924698
ctarjeta_master_trx_lag1	0.000352172849150857	0.000560101595799461	0.000412686147794324
mttarjeta_master_debitos_automaticos	0.000339968819157644	0.0029643188475445	0.000702444506883956
ctarjeta_master_trx	0.000339629244737013	0.00271639938670703	0.00105366676032593
Master_cconsumos_lag1	0.000334128208199453	0.000976918863026109	0.000930738971621242
tmobile_app	0.000322977103751881	0.000188085843738243	0.000658541725203709
mcaja_ahorro_adicional_lag1	0.000313138270453938	0.00485688866605773	0.000755127844900253
tcuentas_lag1	0.000299106906656784	0.00447424130885234	0.000570736161843214
Visa_mconsumototal	0.000291086470855482	0.000273979795316577	0.000632200056195561
Master_cconsumos_delta1	0.000288959296980278	0.00100627756016128	0.000684883394211857
Master_mlimitecompra_delta1	0.000288146202564522	0.000459519260511972	0.000588297274515313
cpagomiscuentas_delta1	0.000281104649771226	0.00144771566473552	0.000728786175892105
Visa_msaldodolares_delta1	0.000276790514524214	0.00217874468131059	0.000834152851924698
cseguro_accidentes_personales_lag1	0.000276661512754868	0.000452435020400026	0.00047415004214667
cseguro_accidentes_personales	0.000272212584415635	0.000349677819340013	0.000447808373138522
ccajas_extracciones	0.000257305192833204	0.0024118518698028	0.000588297274515313
Visa_msaldodolares	0.000256396118082304	0.000508596005588996	0.000535613936499017
cprestamos_personales_delta1	0.000252311284083252	0.00161684631744261	0.000263416690081484
ccuenta_debitos_automaticos_delta1	0.000244497895943573	0.00202848039959887	0.000421466704130374
Visa_fechaalta_delta1	0.00024391223703683	0.000287846593694822	0.000570736161843214
Visa_mconsumototal_delta1	0.000242036581278473	0.000393853995512197	0.000535613936499017
mplazo_fijo_dolares_lag1	0.0002415597040221	0.00215754471701324	0.000579516718179264
Visa_mconsumototal_lag1	0.000236828947312452	0.000421867222243382	0.000544394492835066
Master_fechaalta_delta1	0.000236266349320473	0.000166380294357951	0.000553175049171116
mforex_sell_lag1	0.000233512181036367	0.000498717226817009	0.000614638943523462
minversion1_pesos	0.000231039291771811	0.00292273368964004	0.000254636133745434
matm_other_lag1	0.000230995965992076	0.000870929225215889	0.000579516718179264
cextraccion_autoservicio_delta1	0.000225420600599936	0.000723480155793228	0.000623419499859511
matm_other_delta1	0.000221467820739086	0.00102647094843252	0.000570736161843214
Master_Finiciomora	0.00020395369156016	0.000755511723453228	0.000175611126720989
matm_other	0.000201490274550767	0.0013823664765527	0.000509272267490868
tmobile_app_lag1	0.000199916324138381	0.000112069216120966	0.000456588929474572
Visa_delinquency_lag1	0.000194470574559715	0.000182502049678909	0.000105366676032593
minversion2	0.000188177083112195	0.00303651835755539	0.00032488058443383
mforex_sell_delta1	0.000186795652503617	0.00114483030760421	0.000456588929474572
mprestamos_hipotecarios	0.000186649182830772	0.00116322470730604	8.78055633604945e-05
mforex_sell	0.000186065087617378	0.000908644739182459	0.000553175049171116
mcaja_ahorro_adicional	0.000185057905840368	0.00161064537727264	0.000333661140769879
ccajas_trx_lag1	0.000179880825050935	0.00120265988436179	0.00115025288002248
ctarjeta_visa_delta1	0.000178828918647372	0.0028036649952861	0.000351222253441978
tmobile_app_delta1	0.000174672243904392	0.000464478710975011	0.000342441697105929
mttarjeta_master_debitos_automaticos_delta1	0.000168701077972518	0.00163174312195985	0.000491711154818769
ccajas_otras	0.000162095534227467	0.00105860182608079	0.000175611126720989
minversion2_lag1	0.000161257704984107	0.0030648252263876	0.000351222253441978
ctarjeta_debito_delta1	0.000154547829354954	0.00280185559333319	0.00031610002809778
tpaquete9	0.00015376759622959	0.000588378066740121	0.000201952795729137
cseguro_vida_lag1	0.000149203419423379	0.00195423412374636	0.000333661140769879
tcallcenter_delta1	0.000145594349408889	0.000629511161290089	0.000333661140769879
cpayroll_trx_delta1	0.000138144505330021	0.000357614502088401	0.000351222253441978
mcheques_emitidos_delta1	0.000135342641142801	0.00220865444551254	0.000280977802753583
catm_trx_other	0.00013025361142471	0.00150734308152756	0.00032488058443383
ccajas_trx	0.000128032295745208	0.000280344286862767	0.00031610002809778
mcheques_depositados_delta1	0.000126329570833138	0.00207916762037627	0.000280977802753583
catm_trx_delta1	0.000125239453713469	0.000956450285781964	0.000430247260466423
cseguro_vivienda_lag1	0.000124637128494552	0.000310587891888835	0.000219513908401236
Master_mconsumosdolares_delta1	0.00012395680248864	0.000303652425336811	0.000289758359089632
cforex_buy_delta1	0.000118463691800316	0.00167535705199179	0.000149269457712841
ccajas_consultas	0.000115072132459495	0.000747971591536973	0.000237075021073335
catm_trx_other_lag1	0.00011479456447647	0.000437449625554002	0.000237075021073335
internet_delta1	0.000114377284393523	0.000212174603130147	0.000245855577409385
Master_mconsumosdolares_lag1	0.000113656790643231	0.000183813600017508	0.000280977802753583
Visa_status_delta1	0.000112341929225131	0.000162120684521615	0.000193172239393088
ctarjeta_master_trx_delta1	0.000107352112684341	0.00150610496085647	0.000377563922450126
Master_msaldodolares_lag1	0.00010656322340782	0.00105298418852507	0.000210733352065187
minversion1_pesos_delta1	0.000106143977314769	0.000171896018579523	0.000193172239393088
Visa_mpagosdolares_delta1	0.000103774600433872	0.00104695039847415	0.000447808373138522
cseguro_vivienda	0.000103128177851805	0.000163592723476578	0.000149269457712841
ctarjeta_master_debitos_automaticos_lag1	0.000100068704262725	0.000216397000434254	0.000193172239393088
ccajas_extracciones_delta1	9.91116922463672e-05	0.000846386028830607	0.000272197246417533
ccheques_depositados_delta1	9.8726388358838e-05	0.00212757140054431	0.000193172239393088
active_quarter_lag1	9.7987291890671e-05	0.000102677263027816	0.000228294464737286
tpaquete9_lag1	9.65036949166574e-05	0.000480399166404546	0.00015805001404889
mcaja_ahorro_adicional_delta1	9.63831752748466e-05	0.00144954581688644	0.000228294464737286
Master_msaldodolares	9.36130125614197e-05	0.00188303789729474	0.000201952795729137
cseguro_vida	9.20154579644092e-05	0.000363254880636043	0.00016683057038494
cliente_edad_delta1	9.1512712681487e-05	0.000148097991666787	0.00016683057038494
Master_mpagado_lag1	8.9710475004282e-05	0.000382700266381869	0.000184391683057039
mprestamos_hipotecarios_lag1	8.92189991393791e-05	0.00150851313236089	0.000122927788704692
Master_delinquency	8.60792364810776e-05	3.88966673043726e-05	6.14638943523462e-05
mcheques_depositados	8.57888619369099e-05	0.00118097676969743	0.000298538915425681
Master_mconsumosdolares	8.41436014596719e-05	0.000232771739719175	0.000351222253441978
ctarjeta_master_lag1	8.35321554461664e-05	0.000148272492409485	4.39027816802473e-05
catm_trx_other_delta1	8.3311119124018e-05	0.000189316843492675	0.000254636133745434
mprestamos_prendarios_lag1	8.26037056272537e-05	0.000884417007062167	0.000131708345040742
Master_mpagosdolares	7.71472272148311e-05	7.13105439631837e-05	0.000307319471761731
ccajas_depositos_lag1	7.58133571438471e-05	0.00058591476555832	0.000131708345040742
mtarjeta_visa_descuentos_delta1	7.15866665783338e-05	0.000642981791681183	0.000175611126720989
active_quarter	6.96466046279547e-05	5.6327829032032e-05	0.000114147232368643
cprestamos_hipotecarios	6.65984939037622e-05	0.000573699943276478	4.39027816802473e-05
Master_mconsumototal	6.37741523318723e-05	0.000415574628984771	0.00015805001404889
mprestamos_hipotecarios_delta1	6.24678319345094e-05	1.95096271337701e-05	0.000105366676032593
Master_mconsumototal_delta1	5.91118210681581e-05	0.000115827145893171	0.000149269457712841
Master_mpagado_delta1	5.79150496329375e-05	0.000415817352703223	0.000140488901376791
ccajas_extracciones_lag1	5.67527974696891e-05	0.000863097212285521	0.000263416690081484
Visa_status_lag1	5.58901667405946e-05	0.000244978062842422	8.78055633604945e-05
cplazo_fijo_lag1	5.32188636361979e-05	0.000280061747266209	5.26833380162967e-05
Master_mpagado	5.29398712177445e-05	0.0003270584189882	0.000114147232368643
Master_mpagosdolares_delta1	4.95694587077954e-05	8.24630479895693e-05	0.000105366676032593
ccheques_emitidos	4.9022375801406e-05	0.000988432160163329	0.000105366676032593
cforex_buy	4.82093390279634e-05	0.000476003110616702	4.39027816802473e-05
mprestamos_prendarios_delta1	4.678167162041e-05	0.002037956655157	0.000184391683057039
Master_delinquency_lag1	4.5649233873999e-05	0.000287448894327743	0.000105366676032593
ccheques_depositados_lag1	4.39776154406962e-05	0.000651404917263427	7.02444506883956e-05
cforex_lag1	4.36418287986676e-05	0.000384128737577905	0.000140488901376791
cforex_sell	4.30323366479805e-05	0.000124039630166437	7.02444506883956e-05
tpaquete7_lag1	4.16323536744805e-05	0.000793804720790322	0.000219513908401236
Master_status_delta1	4.16298631309214e-05	0.000298138921616133	0.000210733352065187
ctarjeta_master_debitos_automaticos	4.16007227395971e-05	0.000117190992856282	9.6586119696544e-05
minversion1_pesos_lag1	4.04282855790904e-05	0.0010183835013303	0.000105366676032593
ctarjeta_visa_descuentos_lag1	4.01363236067831e-05	0.000491020434734207	0.000114147232368643
mtarjeta_visa_descuentos_lag1	3.81940036851962e-05	0.000204867776945791	8.78055633604945e-05
active_quarter_delta1	3.70853620173617e-05	0.000113392404947011	6.14638943523462e-05
Master_mconsumototal_lag1	3.67017792968435e-05	0.000162882239759381	0.000105366676032593
cinversion2	3.64833324270008e-05	0.00164158193171574	0.000149269457712841
cforex_sell_lag1	3.54484396390822e-05	0.000941471935283605	9.6586119696544e-05
mforex_buy_delta1	3.35348143663401e-05	0.000990014688180035	7.90250070244451e-05
mcheques_emitidos_lag1	3.3104950520385e-05	0.00101753036957289	0.000105366676032593
ccheques_emitidos_lag1	3.12053345346981e-05	0.0006208304576041	7.02444506883956e-05
ccajas_consultas_lag1	3.06423967709039e-05	0.000300587598119629	0.000105366676032593
ccajas_depositos	3.04801057817952e-05	0.000434646970580346	7.90250070244451e-05
cforex_delta1	3.0432623606506e-05	0.000168847577127562	7.02444506883956e-05
cprestamos_hipotecarios_lag1	2.91845439762307e-05	0.00162229366555044	0.000122927788704692
Master_msaldodolares_delta1	2.65551741519756e-05	0.000725247444798144	0.000105366676032593
Visa_delinquency	2.65309911053602e-05	2.10014208897934e-05	7.02444506883956e-05
Master_mpagosdolares_lag1	2.64498758641968e-05	7.81019076640638e-05	0.000122927788704692
Visa_delinquency_delta1	2.64446774457509e-05	9.67896431909379e-05	6.14638943523462e-05
cforex	2.61240626181784e-05	6.58530121788424e-05	7.02444506883956e-05
ctarjeta_master_debitos_automaticos_delta1	2.58525042759715e-05	0.000228084338900193	7.02444506883956e-05
tcuentas	2.57656803319585e-05	0.000193137942686874	4.39027816802473e-05
Master_cadelantosefectivo_lag1	2.45776437888884e-05	6.62643408272722e-06	3.51222253441978e-05
cseguro_auto	2.33502158266145e-05	0.000222786759749241	4.39027816802473e-05
Master_madelantopesos	2.27730217698959e-05	4.92435123510899e-05	0.000228294464737286
mcheques_depositados_lag1	2.25825994085301e-05	0.00061863721527245	8.78055633604945e-05
mtarjeta_master_descuentos_delta1	2.08962719552792e-05	0.000191406181696268	6.14638943523462e-05
cforex_sell_delta1	1.7779091660599e-05	6.20565682014697e-05	6.14638943523462e-05
mtarjeta_visa_descuentos	1.65440438097057e-05	0.000306831493496557	0.000105366676032593
mcheques_emitidos	1.62446137254052e-05	0.000150075079721721	3.51222253441978e-05
ctarjeta_visa_lag1	1.50912705091387e-05	0.000707823021142164	0.000105366676032593
cseguro_auto_lag1	1.49458824123628e-05	0.000329477539859102	4.39027816802473e-05
cinversion2_lag1	1.1752778950151e-05	0.00011930881472652	2.63416690081484e-05
ccheques_depositados	1.11202002999171e-05	0.000304723395888856	3.51222253441978e-05
Master_madelantopesos_delta1	1.01248129063877e-05	7.06027401608596e-06	4.39027816802473e-05
tpaquete7_delta1	9.97826959174025e-06	0.000896644386659412	7.90250070244451e-05
ctarjeta_visa_descuentos_delta1	9.7740951819516e-06	0.000309692187769451	4.39027816802473e-05
mforex_buy	9.26558364008732e-06	0.000465289882922417	3.51222253441978e-05
Visa_madelantopesos_lag1	8.83330844491206e-06	5.33356657923932e-06	1.75611126720989e-05
Master_madelantopesos_lag1	8.68411675360043e-06	4.26167719923773e-06	2.63416690081484e-05
ctarjeta_visa_descuentos	7.75213069880844e-06	8.20099126691286e-05	2.63416690081484e-05
mcheques_emitidos_rechazados_lag1	6.95685797930673e-06	4.86154168739735e-05	8.78055633604945e-06
cpagodeservicios_lag1	6.87095513768873e-06	0.000579044306084203	5.26833380162967e-05
mtarjeta_master_descuentos	6.74327605713434e-06	8.62016823746924e-05	8.78055633604945e-06
mtarjeta_master_descuentos_lag1	6.47761016214318e-06	4.88867773970627e-05	1.75611126720989e-05
ccajas_otras_lag1	6.31386187619511e-06	0.000149954483552459	2.63416690081484e-05
ccheques_emitidos_rechazados_lag1	6.06960727741494e-06	4.9058215379906e-05	8.78055633604945e-06
cplazo_fijo_delta1	5.49656398270348e-06	1.5255606834168e-06	8.78055633604945e-06
Master_delinquency_delta1	5.03496551741438e-06	3.67362730721599e-06	1.75611126720989e-05
ccheques_emitidos_delta1	4.99787066799549e-06	7.77826149492552e-06	8.78055633604945e-06
Visa_cadelantosefectivo_lag1	4.31396766612058e-06	2.37011671323448e-06	1.75611126720989e-05
ccajas_depositos_delta1	4.15408295172849e-06	5.97447970634593e-05	8.78055633604945e-06
ctarjeta_master_descuentos_delta1	3.89727357404132e-06	7.12887217992219e-05	8.78055633604945e-06
minversion2_delta1	3.77017618702724e-06	3.04019497105346e-05	8.78055633604945e-06
cprestamos_prendarios_lag1	3.63015536528182e-06	0.000144527732504653	1.75611126720989e-05
mcajeros_propios_descuentos_delta1	1.46107684163501e-06	3.41332334720074e-05	2.63416690081484e-05
cpagodeservicios_delta1	8.98236316300394e-07	1.81921809824516e-05	8.78055633604945e-06
mcajeros_propios_descuentos_lag1	5.56181496642325e-07	1.87251011970963e-05	8.78055633604945e-06
mpagodeservicios_lag1	4.33055205799649e-07	2.02475225516624e-05	8.78055633604945e-06
ccajeros_propios_descuentos_lag1	1.13065310409189e-07	1.91766285686135e-05	8.78055633604945e-06
Visa_madelantopesos	2.39497410031512e-09	1.39716213342576e-05	4.39027816802473e-05
Visa_madelantopesos_delta1	1.34623311241886e-10	3.80149753113218e-06	1.75611126720989e-05
Master_cadelantosefectivo_delta1	1.21174743944412e-13	1.98910938736206e-06	8.78055633604945e-06
Master_cadelantosefectivo	9.45930907584995e-14	1.26936082160629e-05	5.26833380162967e-05
