fecha	objective	metric	first_metric_only	boost_from_average	feature_pre_filter	verbosity	seed	max_depth	min_gain_to_split	lambda_l1	lambda_l2	max_bin	num_iterations	force_row_wise	seed	learning_rate	feature_fraction	min_data_in_leaf	num_leaves	prob_corte	ganancia	iteracion
20220601 201110	binary	custom	TRUE	TRUE	FALSE	-100	200213	-1	0	0	0	31	39	TRUE	200213	0.141860574427526	0.797769498387352	3032	370	0.0270409223545964	11135000	1
20220601 201131	binary	custom	TRUE	TRUE	FALSE	-100	200213	-1	0	0	0	31	34	TRUE	200213	0.123709743883577	0.614758029542863	3427	425	0.0236410905233546	12035000	2
20220601 201146	binary	custom	TRUE	TRUE	FALSE	-100	200213	-1	0	0	0	31	94	TRUE	200213	0.0705238104177406	0.91001847951673	4278	362	0.0309556177206105	10800000	3
20220601 201201	binary	custom	TRUE	TRUE	FALSE	-100	200213	-1	0	0	0	31	45	TRUE	200213	0.172210384003469	0.541349136019126	2714	179	0.032160691023455	10193000	4
20220601 201215	binary	custom	TRUE	TRUE	FALSE	-100	200213	-1	0	0	0	31	44	TRUE	200213	0.101717125510913	0.414892697995529	6735	1021	0.01922478855995	12763000	5
20220601 201226	binary	custom	TRUE	TRUE	FALSE	-100	200213	-1	0	0	0	31	29	TRUE	200213	0.230985090564936	0.513969108834863	4437	553	0.0411553808905107	8625000	6
20220601 201244	binary	custom	TRUE	TRUE	FALSE	-100	200213	-1	0	0	0	31	70	TRUE	200213	0.0564633271839702	0.59878348980099	6047	608	0.0134755641818629	12564000	7
20220601 201253	binary	custom	TRUE	TRUE	FALSE	-100	200213	-1	0	0	0	31	30	TRUE	200213	0.259161250053556	0.970530492188409	3832	506	0.0333748178352835	9778000	8
20220601 201309	binary	custom	TRUE	TRUE	FALSE	-100	200213	-1	0	0	0	31	82	TRUE	200213	0.0913700668065576	0.363343472192064	7313	628	0.0356333379279628	9997000	9
20220601 201320	binary	custom	TRUE	TRUE	FALSE	-100	200213	-1	0	0	0	31	19	TRUE	200213	0.190683237273479	0.3074444296211	1828	305	0.0172819214562575	12178000	10
20220601 201337	binary	custom	TRUE	TRUE	FALSE	-100	200213	-1	0	0	0	31	13	TRUE	200213	0.204703770306078	0.640195175111294	364	773	0.0155470165952768	9727000	11
20220601 201348	binary	custom	TRUE	TRUE	FALSE	-100	200213	-1	0	0	0	31	12	TRUE	200213	0.243920533732628	0.870693683782592	709	123	0.039415720613033	7365000	12
20220601 201355	binary	custom	TRUE	TRUE	FALSE	-100	200213	-1	0	0	0	31	19	TRUE	200213	0.281627125136438	0.804582609105855	7693	880	0.027319168401785	11646000	13
20220601 201405	binary	custom	TRUE	TRUE	FALSE	-100	200213	-1	0	0	0	31	55	TRUE	200213	0.135142686552485	0.94954739687033	5398	60	0.0487744031381832	7614000	14
20220601 201441	binary	custom	TRUE	TRUE	FALSE	-100	200213	-1	0	0	0	31	28	TRUE	200213	0.021698457566672	0.473183342823759	1423	869	0.0102534432749962	12952000	15
20220601 201515	binary	custom	TRUE	TRUE	FALSE	-100	200213	-1	0	0	0	31	174	TRUE	200213	0.0422782820363063	0.342979582557455	5978	77	0.044503156519689	8746000	16
20220601 201525	binary	custom	TRUE	TRUE	FALSE	-100	200213	-1	0	0	0	31	45	TRUE	200213	0.224725385007681	0.215753382127732	7102	758	0.0117073208918252	11825000	17
20220601 201558	binary	custom	TRUE	TRUE	FALSE	-100	200213	-1	0	0	0	31	108	TRUE	200213	0.0386208979488583	0.687950546974316	992	694	0.0461740739391341	7560000	18
20220601 201606	binary	custom	TRUE	TRUE	FALSE	-100	200213	-1	0	0	0	31	11	TRUE	200213	0.286445641607628	0.259200804084539	2107	948	0.042521913787156	7880000	19
20220601 201615	binary	custom	TRUE	TRUE	FALSE	-100	200213	-1	0	0	0	31	39	TRUE	200213	0.162677906718571	0.726415814785287	5010	233	0.0218462990422267	11795000	20
20220601 201715	binary	custom	TRUE	TRUE	FALSE	-100	200213	-1	0	0	0	31	67	TRUE	200213	0.0100644846080432	0.289710298036299	2866	806	0.00934986826269187	11927000	21
20220601 201947	binary	custom	TRUE	TRUE	FALSE	-100	200213	-1	0	0	0	31	642	TRUE	200213	0.0103785390794028	0.443319212155004	1599	283	0.0130432466795855	13106000	22
20220601 202122	binary	custom	TRUE	TRUE	FALSE	-100	200213	-1	0	0	0	31	428	TRUE	200213	0.0100903039389902	0.327319602696414	1696	470	0.0174424404412441	13202000	23
20220601 202156	binary	custom	TRUE	TRUE	FALSE	-100	200213	-1	0	0	0	31	167	TRUE	200213	0.031603844231489	0.99843979992038	7452	1024	0.0165974707026382	12860000	24
20220601 202257	binary	custom	TRUE	TRUE	FALSE	-100	200213	-1	0	0	0	31	438	TRUE	200213	0.0100949501553713	0.979826171586777	5706	1024	0.0183908666141256	12745000	25
20220601 202453	binary	custom	TRUE	TRUE	FALSE	-100	200213	-1	0	0	0	31	458	TRUE	200213	0.0100131141629266	0.526055690606664	1919	485	0.0158562531581225	13439000	26
20220601 202620	binary	custom	TRUE	TRUE	FALSE	-100	200213	-1	0	0	0	31	367	TRUE	200213	0.0103352914393823	0.610345877284648	1912	1023	0.0164191324268901	13258000	27
20220601 202739	binary	custom	TRUE	TRUE	FALSE	-100	200213	-1	0	0	0	31	314	TRUE	200213	0.0100167003490938	0.987496813314581	1899	669	0.0137204715072656	12924000	28
20220601 202909	binary	custom	TRUE	TRUE	FALSE	-100	200213	-1	0	0	0	31	318	TRUE	200213	0.010170483382712	0.561186817455723	2110	66	0.0177151854847208	13244000	29
20220601 203029	binary	custom	TRUE	TRUE	FALSE	-100	200213	-1	0	0	0	31	339	TRUE	200213	0.0140671781286519	0.573012369454351	2029	379	0.0173286078703528	13224000	30
20220601 203128	binary	custom	TRUE	TRUE	FALSE	-100	200213	-1	0	0	0	31	376	TRUE	200213	0.0173773737937034	0.264850148431637	2122	16	0.0157897494431466	13040000	31
20220601 203305	binary	custom	TRUE	TRUE	FALSE	-100	200213	-1	0	0	0	31	516	TRUE	200213	0.0100156397548638	0.555369330927252	7999	22	0.016854305679047	13225000	32
20220601 203330	binary	custom	TRUE	TRUE	FALSE	-100	200213	-1	0	0	0	31	156	TRUE	200213	0.0266924041958147	0.988599218828185	7306	16	0.0163201558871994	12997000	33
20220601 203502	binary	custom	TRUE	TRUE	FALSE	-100	200213	-1	0	0	0	31	517	TRUE	200213	0.0103590810129036	0.47773831424343	7892	559	0.0185041703201525	12904000	34
20220601 203638	binary	custom	TRUE	TRUE	FALSE	-100	200213	-1	0	0	0	31	530	TRUE	200213	0.0103273949996907	0.488757968577257	6783	16	0.0175093907880538	13169000	35
20220601 203652	binary	custom	TRUE	TRUE	FALSE	-100	200213	-1	0	0	0	31	43	TRUE	200213	0.123555111887879	0.49465056132969	7726	16	0.0166528243490953	13308000	36
20220601 203701	binary	custom	TRUE	TRUE	FALSE	-100	200213	-1	0	0	0	31	16	TRUE	200213	0.298298730535208	0.584552808106656	7997	16	0.0162718616355234	12574000	37
20220601 203721	binary	custom	TRUE	TRUE	FALSE	-100	200213	-1	0	0	0	31	83	TRUE	200213	0.0728112332927957	0.539261312007438	7784	16	0.00833657193055306	11296000	38
20220601 203734	binary	custom	TRUE	TRUE	FALSE	-100	200213	-1	0	0	0	31	64	TRUE	200213	0.122076244541995	0.210109566280503	7996	16	0.0196263659085573	12691000	39
20220601 203938	binary	custom	TRUE	TRUE	FALSE	-100	200213	-1	0	0	0	31	586	TRUE	200213	0.010019884209508	0.442810532697721	1904	900	0.0144812256526564	13177000	40
20220601 203951	binary	custom	TRUE	TRUE	FALSE	-100	200213	-1	0	0	0	31	53	TRUE	200213	0.0818901293826203	0.640466363946906	7523	140	0.0177112280840962	13289000	41
20220601 204133	binary	custom	TRUE	TRUE	FALSE	-100	200213	-1	0	0	0	31	582	TRUE	200213	0.0107151167232216	0.541651033862038	3658	19	0.0164886738766862	13309000	42
20220601 204314	binary	custom	TRUE	TRUE	FALSE	-100	200213	-1	0	0	0	31	590	TRUE	200213	0.0102501463380929	0.603628915949707	3620	667	0.016850611512109	13508000	43
20220601 204500	binary	custom	TRUE	TRUE	FALSE	-100	200213	-1	0	0	0	31	568	TRUE	200213	0.0100883264417531	0.596679579975399	3915	1019	0.0166507537218925	13164000	44
20220601 204639	binary	custom	TRUE	TRUE	FALSE	-100	200213	-1	0	0	0	31	458	TRUE	200213	0.0101142198310306	0.55978848937474	3095	590	0.0166273736395263	13461000	45
20220601 204743	binary	custom	TRUE	TRUE	FALSE	-100	200213	-1	0	0	0	31	392	TRUE	200213	0.0102847591068465	0.762654614683041	3577	566	0.0165359195725244	13532000	46
20220601 204751	binary	custom	TRUE	TRUE	FALSE	-100	200213	-1	0	0	0	31	23	TRUE	200213	0.156296851549092	0.732792877739701	7993	692	0.0169520028422287	12562000	47
20220601 204839	binary	custom	TRUE	TRUE	FALSE	-100	200213	-1	0	0	0	31	251	TRUE	200213	0.0166487349406241	0.615096058215411	3688	536	0.0166246816637298	13349000	48
20220601 204955	binary	custom	TRUE	TRUE	FALSE	-100	200213	-1	0	0	0	31	532	TRUE	200213	0.0100769198724931	0.780730741494487	3413	728	0.0165739814437438	13374000	49
20220601 205255	binary	custom	TRUE	TRUE	FALSE	-100	200213	-1	0	0	0	31	166	TRUE	200213	0.0100746385596892	0.650522203741734	121	643	0.0158118946466791	10884000	50
20220601 205414	binary	custom	TRUE	TRUE	FALSE	-100	200213	-1	0	0	0	31	630	TRUE	200213	0.0102492219887927	0.800484163256726	3597	624	0.0187323411357308	13209000	51
20220601 205526	binary	custom	TRUE	TRUE	FALSE	-100	200213	-1	0	0	0	31	533	TRUE	200213	0.0100167840913281	0.858953725057442	3434	20	0.0159047290492081	13389000	52
20220601 205656	binary	custom	TRUE	TRUE	FALSE	-100	200213	-1	0	0	0	31	515	TRUE	200213	0.0100329112552815	0.575757014366234	7003	958	0.0164712219644233	12789000	53
20220601 205820	binary	custom	TRUE	TRUE	FALSE	-100	200213	-1	0	0	0	31	442	TRUE	200213	0.0100853150532865	0.714898011160921	1954	605	0.0111926502753086	12914000	54
20220601 205931	binary	custom	TRUE	TRUE	FALSE	-100	200213	-1	0	0	0	31	470	TRUE	200213	0.0100213608403038	0.978555580167905	3631	606	0.0160720496705628	13210000	55
20220601 210039	binary	custom	TRUE	TRUE	FALSE	-100	200213	-1	0	0	0	31	267	TRUE	200213	0.0100630396283275	0.757435484765444	1837	63	0.0155977137536099	13365000	56
20220601 210122	binary	custom	TRUE	TRUE	FALSE	-100	200213	-1	0	0	0	31	445	TRUE	200213	0.0197236930462811	0.777052107507587	7785	17	0.0237425221388597	12416000	57
20220601 210252	binary	custom	TRUE	TRUE	FALSE	-100	200213	-1	0	0	0	31	604	TRUE	200213	0.0101080110801962	0.224799459920869	3724	1024	0.024929322368925	11945000	58
20220601 210315	binary	custom	TRUE	TRUE	FALSE	-100	200213	-1	0	0	0	31	120	TRUE	200213	0.0599563380336024	0.395769199001942	7500	155	0.0163971984576396	13264000	59
20220601 210326	binary	custom	TRUE	TRUE	FALSE	-100	200213	-1	0	0	0	31	22	TRUE	200213	0.299152506916063	0.476651586988716	5976	1024	0.0169651403627546	12331000	60
20220601 210435	binary	custom	TRUE	TRUE	FALSE	-100	200213	-1	0	0	0	31	516	TRUE	200213	0.0103073437687367	0.716330429567305	4366	654	0.016718680143159	13227000	61
20220601 210613	binary	custom	TRUE	TRUE	FALSE	-100	200213	-1	0	0	0	31	1038	TRUE	200213	0.0100295527964891	0.848899103438851	6590	594	0.0169315293822463	12887000	62
20220601 210700	binary	custom	TRUE	TRUE	FALSE	-100	200213	-1	0	0	0	31	309	TRUE	200213	0.0143331544659314	0.724757791577191	2711	25	0.0161857127941603	13382000	63
20220601 210751	binary	custom	TRUE	TRUE	FALSE	-100	200213	-1	0	0	0	31	391	TRUE	200213	0.0126562328075361	0.733428135297316	5673	17	0.0165349704987983	13198000	64
20220601 210846	binary	custom	TRUE	TRUE	FALSE	-100	200213	-1	0	0	0	31	382	TRUE	200213	0.0140553069531199	0.756559762622012	3496	132	0.0163798985320442	13326000	65
20220601 210941	binary	custom	TRUE	TRUE	FALSE	-100	200213	-1	0	0	0	31	512	TRUE	200213	0.0265432317825289	0.211749551658299	5635	659	0.0170222011596451	12989000	66
20220601 210950	binary	custom	TRUE	TRUE	FALSE	-100	200213	-1	0	0	0	31	18	TRUE	200213	0.217686899515008	0.278538758482217	6186	16	0.0165956723419092	12717000	67
20220601 211039	binary	custom	TRUE	TRUE	FALSE	-100	200213	-1	0	0	0	31	351	TRUE	200213	0.0100720296074125	0.932088930174596	1781	16	0.00840958907150951	11726000	68
20220601 211050	binary	custom	TRUE	TRUE	FALSE	-100	200213	-1	0	0	0	31	52	TRUE	200213	0.0969747064833913	0.754816536714637	3539	16	0.0168528017705375	12822000	69
20220601 211158	binary	custom	TRUE	TRUE	FALSE	-100	200213	-1	0	0	0	31	699	TRUE	200213	0.0110219507834154	0.985374545234553	7994	1024	0.0233483365499972	12169000	70
20220601 211207	binary	custom	TRUE	TRUE	FALSE	-100	200213	-1	0	0	0	31	22	TRUE	200213	0.299825515306249	0.201821393690218	7269	622	0.0228931467362466	11773000	71
20220601 211350	binary	custom	TRUE	TRUE	FALSE	-100	200213	-1	0	0	0	31	408	TRUE	200213	0.0100084682483648	0.485493854720895	1877	637	0.0159199294117398	13421000	72
20220601 211545	binary	custom	TRUE	TRUE	FALSE	-100	200213	-1	0	0	0	31	1033	TRUE	200213	0.0100484439251304	0.232566445512297	3495	17	0.0232829424520465	12351000	73
20220601 211607	binary	custom	TRUE	TRUE	FALSE	-100	200213	-1	0	0	0	31	70	TRUE	200213	0.173627819975914	0.222895108308857	1465	1024	0.00838446396968761	11236000	74
20220601 211615	binary	custom	TRUE	TRUE	FALSE	-100	200213	-1	0	0	0	31	33	TRUE	200213	0.181292606778074	0.761495595744188	7393	16	0.0170470287009228	12879000	75
20220601 211752	binary	custom	TRUE	TRUE	FALSE	-100	200213	-1	0	0	0	31	492	TRUE	200213	0.0100019848770379	0.484480880006356	5237	643	0.0171387394154384	13273000	76
20220601 211951	binary	custom	TRUE	TRUE	FALSE	-100	200213	-1	0	0	0	31	766	TRUE	200213	0.0100140825855387	0.480319573661697	5797	658	0.0224496771300184	12674000	77
20220601 212118	binary	custom	TRUE	TRUE	FALSE	-100	200213	-1	0	0	0	31	465	TRUE	200213	0.0100862631823128	0.597169368368235	3506	628	0.0165175720131873	13361000	78
20220601 212232	binary	custom	TRUE	TRUE	FALSE	-100	200213	-1	0	0	0	31	513	TRUE	200213	0.0101061876387597	0.938162357192419	3666	34	0.0172272902519501	13303000	79
20220601 212401	binary	custom	TRUE	TRUE	FALSE	-100	200213	-1	0	0	0	31	403	TRUE	200213	0.0100914585608282	0.366244631963789	2548	1015	0.0174866247337917	13133000	80
20220601 212417	binary	custom	TRUE	TRUE	FALSE	-100	200213	-1	0	0	0	31	104	TRUE	200213	0.0572326787058455	0.811345174603415	7669	17	0.0139161716822116	12980000	81
20220601 212435	binary	custom	TRUE	TRUE	FALSE	-100	200213	-1	0	0	0	31	151	TRUE	200213	0.0624722211974209	0.997482746172392	7770	1021	0.0105363809021178	12180000	82
20220601 212455	binary	custom	TRUE	TRUE	FALSE	-100	200213	-1	0	0	0	31	85	TRUE	200213	0.0706850467854925	0.422510328456132	7642	17	0.0175099800030082	13263000	83
20220601 212510	binary	custom	TRUE	TRUE	FALSE	-100	200213	-1	0	0	0	31	61	TRUE	200213	0.117215506289642	0.428447909571655	8000	106	0.0271982579796507	11412000	84
20220601 212548	binary	custom	TRUE	TRUE	FALSE	-100	200213	-1	0	0	0	31	188	TRUE	200213	0.0361278762223152	0.431278599625698	3698	675	0.0177059014962229	13478000	85
20220601 212713	binary	custom	TRUE	TRUE	FALSE	-100	200213	-1	0	0	0	31	424	TRUE	200213	0.0118380989895736	0.575885363640889	3614	893	0.0176601216154784	13370000	86
20220601 212855	binary	custom	TRUE	TRUE	FALSE	-100	200213	-1	0	0	0	31	412	TRUE	200213	0.0103786001457447	0.509646231214354	2928	669	0.0172426484538488	13278000	87
20220601 213020	binary	custom	TRUE	TRUE	FALSE	-100	200213	-1	0	0	0	31	482	TRUE	200213	0.0113479617331153	0.352639493821524	3761	594	0.0179505450509146	13355000	88
20220601 213045	binary	custom	TRUE	TRUE	FALSE	-100	200213	-1	0	0	0	31	128	TRUE	200213	0.0546718109853428	0.366453624690824	5006	1024	0.0178910170678682	13194000	89
20220601 213148	binary	custom	TRUE	TRUE	FALSE	-100	200213	-1	0	0	0	31	108	TRUE	200213	0.0101312627543996	0.277992161979537	1662	1024	0.0123806248786836	12815000	90
20220601 213314	binary	custom	TRUE	TRUE	FALSE	-100	200213	-1	0	0	0	31	325	TRUE	200213	0.0106416660078655	0.390182365241513	1845	966	0.0168057019388698	13307000	91
20220601 213329	binary	custom	TRUE	TRUE	FALSE	-100	200213	-1	0	0	0	31	51	TRUE	200213	0.109661443631403	0.389933467817117	5582	801	0.0175387476613609	12898000	92
20220601 213440	binary	custom	TRUE	TRUE	FALSE	-100	200213	-1	0	0	0	31	461	TRUE	200213	0.010075223760505	0.761145225505371	3260	580	0.016886942742031	13324000	93
20220601 213636	binary	custom	TRUE	TRUE	FALSE	-100	200213	-1	0	0	0	31	649	TRUE	200213	0.0101889382321561	0.535685960985895	3658	730	0.0168059017720638	13568000	94
20220601 213646	binary	custom	TRUE	TRUE	FALSE	-100	200213	-1	0	0	0	31	29	TRUE	200213	0.299691400656221	0.20981657311285	3666	746	0.017549451409558	11250000	95
20220601 213745	binary	custom	TRUE	TRUE	FALSE	-100	200213	-1	0	0	0	31	217	TRUE	200213	0.0131310512103922	0.754817157684192	1540	567	0.0153380992337564	13096000	96
20220601 213945	binary	custom	TRUE	TRUE	FALSE	-100	200213	-1	0	0	0	31	543	TRUE	200213	0.0101555258626348	0.438613097458899	1892	257	0.0161630883630405	13186000	97
20220601 214004	binary	custom	TRUE	TRUE	FALSE	-100	200213	-1	0	0	0	31	68	TRUE	200213	0.0669534214091612	0.549008445753506	7381	297	0.017368592285713	13101000	98
20220601 214041	binary	custom	TRUE	TRUE	FALSE	-100	200213	-1	0	0	0	31	246	TRUE	200213	0.0258934095548497	0.243313907679138	7995	908	0.0168791001782423	12776000	99
20220601 214147	binary	custom	TRUE	TRUE	FALSE	-100	200213	-1	0	0	0	31	349	TRUE	200213	0.0119085257330125	0.312073807589895	5084	18	0.0168706050690412	12962000	100
20220601 214155	binary	custom	TRUE	TRUE	FALSE	-100	200213	-1	0	0	0	31	14	TRUE	200213	0.299238786707199	0.999858803854811	7313	1024	0.0164853251167345	12912000	101
20220601 214210	binary	custom	TRUE	TRUE	FALSE	-100	200213	-1	0	0	0	31	86	TRUE	200213	0.101870552518751	0.204195087887526	7351	21	0.0151628041374161	12574000	102
20220601 214318	binary	custom	TRUE	TRUE	FALSE	-100	200213	-1	0	0	0	31	375	TRUE	200213	0.0128721867648705	0.381600684239541	1554	17	0.0156375924092513	13346000	103
20220601 214331	binary	custom	TRUE	TRUE	FALSE	-100	200213	-1	0	0	0	31	105	TRUE	200213	0.11882010273743	0.947194968189924	7996	198	0.0170336090072932	12826000	104
20220601 214356	binary	custom	TRUE	TRUE	FALSE	-100	200213	-1	0	0	0	31	143	TRUE	200213	0.0354482140850722	0.835524955703871	3828	682	0.0160082761407225	13086000	105
20220601 214531	binary	custom	TRUE	TRUE	FALSE	-100	200213	-1	0	0	0	31	468	TRUE	200213	0.0105163171199465	0.554680686580933	3736	680	0.017554915586561	13188000	106
20220601 214608	binary	custom	TRUE	TRUE	FALSE	-100	200213	-1	0	0	0	31	163	TRUE	200213	0.0340544043820449	0.39379691468834	2213	564	0.0152021496135892	1.3e+07	107
20220601 214629	binary	custom	TRUE	TRUE	FALSE	-100	200213	-1	0	0	0	31	75	TRUE	200213	0.0696572395999372	0.459907624006778	3628	660	0.0165192274176246	13258000	108
20220601 214730	binary	custom	TRUE	TRUE	FALSE	-100	200213	-1	0	0	0	31	266	TRUE	200213	0.016453435372991	0.434586011718052	3605	926	0.0189409996558758	13150000	109
20220601 214803	binary	custom	TRUE	TRUE	FALSE	-100	200213	-1	0	0	0	31	146	TRUE	200213	0.0402318963226063	0.494976704205883	3620	753	0.016615612489565	13341000	110
20220601 214840	binary	custom	TRUE	TRUE	FALSE	-100	200213	-1	0	0	0	31	160	TRUE	200213	0.0435014389351562	0.429411428225146	5087	577	0.0198628259529867	12948000	111
20220601 214952	binary	custom	TRUE	TRUE	FALSE	-100	200213	-1	0	0	0	31	610	TRUE	200213	0.01027213130846	0.873196991257534	5158	426	0.0153740923688542	13044000	112
20220601 215113	binary	custom	TRUE	TRUE	FALSE	-100	200213	-1	0	0	0	31	372	TRUE	200213	0.0101481657141146	0.904053350672396	1763	939	0.0117188518229358	12833000	113
20220601 215211	binary	custom	TRUE	TRUE	FALSE	-100	200213	-1	0	0	0	31	402	TRUE	200213	0.0112292359698805	0.829830673074928	5084	864	0.0159746125159466	13171000	114
20220601 215314	binary	custom	TRUE	TRUE	FALSE	-100	200213	-1	0	0	0	31	508	TRUE	200213	0.0103146437906475	0.727909262116661	6210	198	0.014932741981779	12937000	115
20220601 215412	binary	custom	TRUE	TRUE	FALSE	-100	200213	-1	0	0	0	31	356	TRUE	200213	0.0185466138026691	0.400668331842445	7248	735	0.0165308565340846	13027000	116
20220601 215423	binary	custom	TRUE	TRUE	FALSE	-100	200213	-1	0	0	0	31	52	TRUE	200213	0.158860997760489	0.986803688631404	7730	896	0.0171082585469693	13063000	117
20220601 215610	binary	custom	TRUE	TRUE	FALSE	-100	200213	-1	0	0	0	31	513	TRUE	200213	0.0101305315058139	0.48802072141167	3619	318	0.0158287419739254	13264000	118
20220601 215725	binary	custom	TRUE	TRUE	FALSE	-100	200213	-1	0	0	0	31	485	TRUE	200213	0.0100680780354728	0.609899844127548	7994	391	0.0157051368652955	13053000	119
20220601 215847	binary	custom	TRUE	TRUE	FALSE	-100	200213	-1	0	0	0	31	422	TRUE	200213	0.0100712232867195	0.577909194111198	9	23	0.0162599721782117	12809000	120
