fecha	gamma	alpha	lambda	subsample	tree_method	grow_policy	max_bin	max_depth	scale_pos_weight	eta	colsample_bytree	min_child_weight	max_leaves	prob_corte	nrounds	ganancia	iteracion
20220601 204206	0	0	0	1	hist	lossguide	256	0	1	0.169208890077891	0.420285700950772	4	435	0.0234827933410998	9	10354000	1
20220601 204256	0	0	0	1	hist	lossguide	256	0	1	0.117955419874168	0.820469323815778	9	569	0.0455068483099846	25	6556000	2
20220601 204333	0	0	0	1	hist	lossguide	256	0	1	0.181248088750523	0.720341155100614	5	634	0.0391161847224187	16	6848000	3
20220601 204611	0	0	0	1	hist	lossguide	256	0	1	0.0181499941257061	0.501512718917802	6	252	0.0197356355686982	131	12055000	4
20220601 204647	0	0	0	1	hist	lossguide	256	0	1	0.137163234096137	0.567750377655029	8	108	0.026376360784828	16	10252000	5
20220601 204801	0	0	0	1	hist	lossguide	256	0	1	0.046516192142386	0.389950325200334	6	273	0.0416241757314613	57	8485000	6
20220601 204831	0	0	0	1	hist	lossguide	256	0	1	0.194895559495548	0.709905775235966	10	816	0.031244499667567	13	9094000	7
20220601 204900	0	0	0	1	hist	lossguide	256	0	1	0.26049468375172	0.538660907745361	7	526	0.0182119049830362	8	11410000	8
20220601 204947	0	0	0	1	hist	lossguide	256	0	1	0.148822754680063	0.619237475022674	1	370	0.0208376819617115	5	7617000	9
20220601 205030	0	0	0	1	hist	lossguide	256	0	1	0.214832167490618	0.937132165338844	1	892	0.0356856650173237	3	6037000	10
20220601 205114	0	0	0	1	hist	lossguide	256	0	1	0.105388502208283	0.267147361533716	5	859	0.0489312608411031	21	6633000	11
20220601 205210	0	0	0	1	hist	lossguide	256	0	1	0.0637026704265736	0.313887696219608	4	767	0.0105734505482057	10	11952000	12
20220601 220318	0	0	0	1	hist	lossguide	256	0	1	0.106600576501456	0.806648264732212	4	627	0.0336118918222686	24	8257000	13
20220601 220353	0	0	0	1	hist	lossguide	256	0	1	0.167253470207215	0.770890005677938	3	180	0.0253511922885082	11	7938000	14
20220601 220429	0	0	0	1	hist	lossguide	256	0	1	0.197576894730679	0.572295121988282	6	447	0.0200906429022628	16	10740000	15
20220601 220530	0	0	0	1	hist	lossguide	256	0	1	0.0663283565269085	0.608295569485053	7	679	0.0294756563011712	33	9649000	16
20220601 220558	0	0	0	1	hist	lossguide	256	0	1	0.210825450453442	0.469303351631388	5	287	0.0445506705713342	10	6863000	17
20220601 220638	0	0	0	1	hist	lossguide	256	0	1	0.123422068637563	0.357694659158587	3	398	0.0317871465881278	18	7708000	18
20220601 220713	0	0	0	1	hist	lossguide	256	0	1	0.129118881390779	0.899853060478345	6	961	0.0126635924408523	18	11373000	19
20220601 220813	0	0	0	1	hist	lossguide	256	0	1	0.0455054484049324	0.865639440212399	1	42	0.0109091281386403	45	11800000	20
20220601 220851	0	0	0	1	hist	lossguide	256	0	1	0.265580750109046	0.662748899674043	7	791	0.0278145312137591	5	9895000	21
20220601 220935	0	0	0	1	hist	lossguide	256	0	1	0.248953949972987	0.705686189094558	1	897	0.0397539489727933	3	6444000	22
20220601 221108	0	0	0	1	hist	lossguide	256	0	1	0.0268696924780961	0.941882963208482	8	589	0.042371598824199	86	7488000	23
20220601 221145	0	0	0	1	hist	lossguide	256	0	1	0.216928234131192	0.487680963445455	0	130	0.0385406060959213	2	2463000	24
20220601 221656	0	0	0	1	hist	lossguide	256	0	1	0.019725762048387	0.251828153450042	0	246	0.022212408776007	294	945000	25
20220601 221730	0	0	0	1	hist	lossguide	256	0	1	0.151166162786074	0.383030150737613	10	489	0.00999390508804936	42	11577000	26
20220601 221758	0	0	0	1	hist	lossguide	256	0	1	0.284184423439321	0.282079746210948	5	350	0.0184634410174719	13	9619000	27
20220601 221846	0	0	0	1	hist	lossguide	256	0	1	0.0706549576099496	0.437240696037188	9	754	0.046838343378234	54	7155000	28
20220601 221915	0	0	0	1	hist	lossguide	256	0	1	0.174655226769275	0.54643558097072	9	68	0.0355535799972131	18	9129000	29
20220601 221942	0	0	0	1	hist	lossguide	256	0	1	0.285845119376318	0.996928211599588	9	857	0.0153256439618417	16	11729000	30
20220601 222013	0	0	0	1	hist	lossguide	256	0	1	0.229724121916341	0.232759984182194	4	986	0.0489159716157398	15	6344000	31
20220601 222105	0	0	0	1	hist	lossguide	256	0	1	0.0930028624278493	0.728571261605248	2	534	0.0236357712482762	19	8167000	32
20220601 222145	0	0	0	1	hist	lossguide	256	0	1	0.0620108468151174	0.988243649548572	4	3	0.00835983027275189	95	11836000	33
20220601 222216	0	0	0	1	hist	lossguide	256	0	1	0.204115289936224	0.767883580046717	8	454	0.0083628268932461	22	11186000	34
20220601 222406	0	0	0	1	hist	lossguide	256	0	1	0.0295353644466421	0.998249750705563	2	325	0.00833476248113355	17	11927000	35
20220601 222448	0	0	0	1	hist	lossguide	256	0	1	0.0997211763777345	0.957618811991552	2	2	0.00833555038684297	227	11172000	36
20220601 222823	0	0	0	1	hist	lossguide	256	0	1	0.0100467230186593	0.864484407123427	4	439	0.00834281556206839	39	12068000	37
20220601 223145	0	0	0	1	hist	lossguide	256	0	1	0.0117513841517092	0.999788213594022	10	238	0.0108734974907416	279	12745000	38
20220601 223516	0	0	0	1	hist	lossguide	256	0	1	0.0101961936652721	0.999899084207246	8	280	0.0118815588980912	148	12641000	39
20220601 223832	0	0	0	1	hist	lossguide	256	0	1	0.0190148347807722	0.865015410656491	10	3	0.0136937584290289	1209	13540000	40
20220601 224110	0	0	0	1	hist	lossguide	256	0	1	0.0101809376733416	0.846809367701446	9	65	0.00847509315355924	32	12077000	41
20220601 224149	0	0	0	1	hist	lossguide	256	0	1	0.0980176132109224	0.822348062141872	10	225	0.0152397465635817	29	12667000	42
20220601 224305	0	0	0	1	hist	lossguide	256	0	1	0.054999564701965	0.998386665467205	10	2	0.0142957681552754	492	12990000	43
20220601 224641	0	0	0	1	hist	lossguide	256	0	1	0.0103861537158882	0.639260928366419	10	33	0.0131218894647346	314	13176000	44
20220601 224714	0	0	0	1	hist	lossguide	256	0	1	0.299843451087809	0.662138802709306	10	2	0.0132164699004009	182	12913000	45
20220601 225245	0	0	0	1	hist	lossguide	256	0	1	0.0101177998828163	0.904859113448825	5	3	0.0131731038952321	2080	13434000	46
20220601 225314	0	0	0	1	hist	lossguide	256	0	1	0.299956615732715	0.95381321474468	4	453	0.01330834151279	5	9985000	47
20220601 225344	0	0	0	1	hist	lossguide	256	0	1	0.299949079087559	0.54344021972497	10	1023	0.0139674474714301	12	11220000	48
20220601 225941	0	0	0	1	hist	lossguide	256	0	1	0.0101638833128536	0.788293477772819	7	2	0.013289373529917	2710	12866000	49
20220601 230011	0	0	0	1	hist	lossguide	256	0	1	0.297338493462649	0.203331302146225	10	2	0.0169445739099735	170	13380000	50
20220601 230037	0	0	0	1	hist	lossguide	256	0	1	0.293100988653404	0.39905164118947	10	2	0.0176632282789665	123	13253000	51
20220601 230351	0	0	0	1	hist	lossguide	256	0	1	0.0100158138377483	0.906861306930318	10	679	0.0134912069564794	193	13146000	52
20220601 230416	0	0	0	1	hist	lossguide	256	0	1	0.299998146327731	0.200124203601012	10	4	0.0235003790746978	38	12260000	53
20220601 230447	0	0	0	1	hist	lossguide	256	0	1	0.25847230529101	0.291974331672009	10	2	0.0140224815726029	162	13312000	54
20220601 230614	0	0	0	1	hist	lossguide	256	0	1	0.0419616965563234	0.20558431082848	10	2	0.0169012365784438	582	13441000	55
20220601 230848	0	0	0	1	hist	lossguide	256	0	1	0.0100386083702343	0.87251005565684	10	10	0.0169302187883395	314	13161000	56
20220601 231123	0	0	0	1	hist	lossguide	256	0	1	0.0108548769651744	0.208495812257392	10	2	0.0141564312248918	899	12685000	57
20220601 231155	0	0	0	1	hist	lossguide	256	0	1	0.175051070659468	0.26178835027893	10	2	0.0174948023473016	163	13264000	58
20220601 231341	0	0	0	1	hist	lossguide	256	0	1	0.0356001765467553	0.363951804591598	10	2	0.0179192516852036	724	13191000	59
20220601 231445	0	0	0	1	hist	lossguide	256	0	1	0.0439649462686679	0.200009224617352	10	524	0.018906458024722	78	12089000	60
20220601 231517	0	0	0	1	hist	lossguide	256	0	1	0.278526126814273	0.376535417095256	9	2	0.0158981549462219	118	13275000	61
20220601 231541	0	0	0	1	hist	lossguide	256	0	1	0.245300779800938	0.441433951643323	10	2	0.0156008010123386	107	12873000	62
20220601 231746	0	0	0	1	hist	lossguide	256	0	1	0.0302406406144046	0.7719354104411	10	2	0.0134575833638873	882	12870000	63
20220601 231810	0	0	0	1	hist	lossguide	256	0	1	0.299043425479412	0.31684864811796	10	159	0.0163201318046161	11	11674000	64
20220601 232002	0	0	0	1	hist	lossguide	256	0	1	0.0198028890151241	0.890659778900825	10	409	0.0137677592130032	114	13329000	65
20220601 232121	0	0	0	1	hist	lossguide	256	0	1	0.0260708384600032	0.63937221304347	10	608	0.0137671036106422	55	13303000	66
20220601 232345	0	0	0	1	hist	lossguide	256	0	1	0.0113259666108326	0.632584273084579	10	1023	0.0115562507937452	65	12721000	67
20220601 232637	0	0	0	1	hist	lossguide	256	0	1	0.0116060627501946	0.672392854239396	10	801	0.0122771352940546	204	13010000	68
20220601 232702	0	0	0	1	hist	lossguide	256	0	1	0.294042489869146	0.20227492796636	8	2	0.0100094990873848	71	12360000	69
20220601 232743	0	0	0	1	hist	lossguide	256	0	1	0.0817632389817227	0.603498486886965	10	2	0.0137636999982859	220	12991000	70
20220601 232817	0	0	0	1	hist	lossguide	256	0	1	0.291470186267005	0.89118397890185	10	2	0.0133251763459867	203	13095000	71
20220601 233152	0	0	0	1	hist	lossguide	256	0	1	0.0101288496413072	0.632143282550469	6	622	0.0125797230281815	198	13412000	72
20220601 233254	0	0	0	1	hist	lossguide	256	0	1	0.056313180138019	0.201471003106316	10	2	0.0189747672665702	404	12999000	73
20220601 233559	0	0	0	1	hist	lossguide	256	0	1	0.0106992476061946	0.581003340415703	8	678	0.0130116933622892	182	13113000	74
20220601 233940	0	0	0	1	hist	lossguide	256	0	1	0.0100079609474766	0.88861679190528	6	122	0.0129977019984468	191	12972000	75
20220601 234314	0	0	0	1	hist	lossguide	256	0	1	0.0101730050954621	0.630424351621092	5	1010	0.0152994378244495	144	12923000	76
20220601 234654	0	0	0	1	hist	lossguide	256	0	1	0.0100358430125705	0.646627414553613	5	504	0.0137496618953026	165	12728000	77
20220601 234953	0	0	0	1	hist	lossguide	256	0	1	0.0103361784247852	0.616251123656682	5	1010	0.00840354268965704	47	12437000	78
20220601 235107	0	0	0	1	hist	lossguide	256	0	1	0.0364577183232089	0.382685054493074	7	1023	0.0168947957160194	59	12899000	79
20220601 235318	0	0	0	1	hist	lossguide	256	0	1	0.0170196877749809	0.848196687414988	10	944	0.0178176851397252	163	12826000	80
20220601 235644	0	0	0	1	hist	lossguide	256	0	1	0.0101550623567903	0.63136951521642	7	904	0.0168026431240635	201	12829000	81
20220602 002655	0	0	0	1	hist	lossguide	256	0	1	0.0100869615965514	0.999829938716194	0	1023	0.011981035263763	137	1569000	82
20220602 002919	0	0	0	1	hist	lossguide	256	0	1	0.0100487528923473	0.874249032492515	3	2	0.0120990596781656	683	12104000	83
20220602 003018	0	0	0	1	hist	lossguide	256	0	1	0.0484841052892863	0.494155911817425	6	919	0.0125585203535985	37	12606000	84
20220602 003131	0	0	0	1	hist	lossguide	256	0	1	0.0341474453407012	0.200757720612073	10	1023	0.0171944024201679	83	12896000	85
20220602 003312	0	0	0	1	hist	lossguide	256	0	1	0.0481834085104648	0.217718276999123	8	2	0.0170189293467464	732	13529000	86
20220602 003636	0	0	0	1	hist	lossguide	256	0	1	0.0107637774351053	0.200739177866499	6	1022	0.0153015486544408	221	13310000	87
20220602 003741	0	0	0	1	hist	lossguide	256	0	1	0.042292371103641	0.200363388297613	8	1024	0.0169765452133804	68	12557000	88
20220602 003833	0	0	0	1	hist	lossguide	256	0	1	0.139310142117905	0.999919817856287	10	2	0.0162839894608023	299	13222000	89
20220602 003904	0	0	0	1	hist	lossguide	256	0	1	0.123579509664306	0.202089698705695	9	2	0.0160496459898661	145	13287000	90
20220602 003933	0	0	0	1	hist	lossguide	256	0	1	0.152829292008057	0.891483002501988	10	623	0.0170084163007815	12	12078000	91
20220602 004313	0	0	0	1	hist	lossguide	256	0	1	0.0100509798109464	0.300760577015701	6	729	0.0162059465564804	239	12822000	92
20220602 004407	0	0	0	1	hist	lossguide	256	0	1	0.153465534565668	0.916084475476534	8	2	0.0158897370779551	366	13583000	93
20220602 004443	0	0	0	1	hist	lossguide	256	0	1	0.0866707974736714	0.203629385673766	7	2	0.0170537443448622	180	13193000	94
20220602 004508	0	0	0	1	hist	lossguide	256	0	1	0.252390260856358	0.974032617038367	8	2	0.0178791871348801	104	13122000	95
20220602 004557	0	0	0	1	hist	lossguide	256	0	1	0.1671813124678	0.908231380678915	9	2	0.0154058378962135	322	13399000	96
20220602 004836	0	0	0	1	hist	lossguide	256	0	1	0.0100514024088855	0.643632015126875	10	523	0.0108042705270532	74	12776000	97
20220602 004917	0	0	0	1	hist	lossguide	256	0	1	0.298561246679622	0.609013587340643	8	2	0.0171564481352189	213	13129000	98
20220602 004942	0	0	0	1	hist	lossguide	256	0	1	0.163658529624095	0.272260102946349	8	2	0.0153246202193178	104	13282000	99
20220602 005038	0	0	0	1	hist	lossguide	256	0	1	0.141988499304778	0.997547024049308	6	2	0.0161160578242059	379	13249000	100
20220602 005300	0	0	0	1	hist	lossguide	256	0	1	0.0124180538111379	0.230554578977978	6	1024	0.00836720783412701	39	12635000	101
20220602 005532	0	0	0	1	hist	lossguide	256	0	1	0.0139456421162956	0.905943368376419	10	42	0.0133309850728644	172	13152000	102
20220602 005847	0	0	0	1	hist	lossguide	256	0	1	0.0104787664219031	0.328032906239759	10	692	0.0150341602676121	269	13173000	103
20220602 010204	0	0	0	1	hist	lossguide	256	0	1	0.035863714755177	0.869964281679181	6	2	0.0145749511333837	1532	13289000	104
20220602 010241	0	0	0	1	hist	lossguide	256	0	1	0.155179201269157	0.266344916209193	5	1024	0.0146148737245048	26	10712000	105
20220602 010325	0	0	0	1	hist	lossguide	256	0	1	0.194674159988241	0.999185544155871	8	2	0.0137018640492699	280	12928000	106
20220602 010633	0	0	0	1	hist	lossguide	256	0	1	0.0141110801478316	0.879869089717243	5	299	0.0117152779609415	186	12662000	107
20220602 011048	0	0	0	1	hist	lossguide	256	0	1	0.0101222820707419	0.410324030912785	10	1023	0.0159952642964931	502	13108000	108
20220602 011659	0	0	0	1	hist	lossguide	256	0	1	0.0133973045751996	0.624797439380886	8	2	0.015937461542805	2829	13243000	109
20220602 011752	0	0	0	1	hist	lossguide	256	0	1	0.0504448858055526	0.999949479387933	10	1023	0.0145604974677098	29	13222000	110
20220602 012159	0	0	0	1	hist	lossguide	256	0	1	0.0102527895405138	0.267847079400062	6	1023	0.0244008068644225	324	11087000	111
20220602 012514	0	0	0	1	hist	lossguide	256	0	1	0.0102755739021142	0.375136628023629	6	1024	0.0138791154760957	106	12924000	112
20220602 012827	0	0	0	1	hist	lossguide	256	0	1	0.0117513070985208	0.20007478993876	7	637	0.0131201679436592	232	12880000	113
20220602 012903	0	0	0	1	hist	lossguide	256	0	1	0.2712049390125	0.859280447551917	8	2	0.0162032898220333	217	13305000	114
20220602 012921	0	0	0	1	hist	lossguide	256	0	1	0.283505632911422	0.998001353891087	10	2	0.0499719450394075	48	8364000	115
20220602 013056	0	0	0	1	hist	lossguide	256	0	1	0.0211232669587548	0.854936665835026	10	1023	0.0146238869168589	66	13156000	116
20220602 013154	0	0	0	1	hist	lossguide	256	0	1	0.137294991950169	0.885134479688287	8	2	0.0156185368072094	389	13261000	117
20220602 013230	0	0	0	1	hist	lossguide	256	0	1	0.299650619413053	0.923378430749233	7	2	0.0167351320197452	206	13083000	118
20220602 013412	0	0	0	1	hist	lossguide	256	0	1	0.0228222496979814	0.563138452175236	7	6	0.0143852737784047	362	13751000	119
20220602 013825	0	0	0	1	hist	lossguide	256	0	1	0.0103469487602265	0.586037142438837	6	2	0.012613645107328	1778	12556000	120
20220602 014020	0	0	0	1	hist	lossguide	256	0	1	0.0234375299730106	0.542843412202934	7	623	0.0147695478040729	144	13149000	121
20220602 014105	0	0	0	1	hist	lossguide	256	0	1	0.168497075105522	0.934668625226406	7	2	0.0166288604146195	277	13092000	122
20220602 014229	0	0	0	1	hist	lossguide	256	0	1	0.0388426421244039	0.390006442953346	7	2	0.0153037829178834	465	13035000	123
20220602 014341	0	0	0	1	hist	lossguide	256	0	1	0.0408855008821204	0.353845419391867	10	869	0.0140445296716666	64	12788000	124
20220602 014549	0	0	0	1	hist	lossguide	256	0	1	0.0218577332262212	0.948658763293393	6	766	0.0140845356655039	76	12688000	125
20220602 014921	0	0	0	1	hist	lossguide	256	0	1	0.0103404070985266	0.999800562193606	10	912	0.00834335373634867	257	11499000	126
20220602 015100	0	0	0	1	hist	lossguide	256	0	1	0.021020764283629	0.57769067658113	10	8	0.015673296616708	313	13724000	127
20220602 015130	0	0	0	1	hist	lossguide	256	0	1	0.155842340027183	0.998434035989099	10	1024	0.0166412231967854	17	11851000	128
20220602 015242	0	0	0	1	hist	lossguide	256	0	1	0.0269983302636868	0.542042515569227	10	2	0.0143894133519043	388	12502000	129
20220602 020051	0	0	0	1	hist	lossguide	256	0	1	0.0100264374647691	0.603726202922023	10	2	0.0171579361487803	3996	13080000	130
20220602 020419	0	0	0	1	hist	lossguide	256	0	1	0.0105227904402956	0.660094920241521	7	1023	0.0136065600202035	189	13365000	131
20220602 020729	0	0	0	1	hist	lossguide	256	0	1	0.0103457372041792	0.999865912236692	10	560	0.0156341279162506	190	13558000	132
