fecha	cp	minsplit	minbucket	maxdepth	xval_folds	ganancia	iteracion
20220520 203726	-0.780151076981565	3456	1087	5	5	9956000	1
20220520 203822	-0.0191337244454188	1792	284	12	5	10354000	2
20220520 203907	-0.0670274390053236	3930	897	17	5	9480000	3
20220520 203951	-0.613392458253657	4250	874	17	5	9782000	4
20220520 204033	-0.523076787288301	6240	1142	11	5	8649000	5
20220520 204114	-0.695449898212974	5876	46	8	5	8887000	6
20220520 204140	0.0328407397202684	6726	1445	14	5	0	7
20220520 204208	-0.219601909033372	7222	396	4	5	8163000	8
20220520 204230	-0.364138899711543	4536	1539	3	5	7956000	9
20220520 204323	-0.950478833244415	7699	139	18	5	8002000	10
20220520 204402	-0.88569644279487	5116	1884	15	5	9029000	11
20220520 204446	-0.168207647486997	2982	580	10	5	9969000	12
20220520 204519	-0.33931372151128	6652	278	6	5	8645000	13
20220520 204559	-0.893097394070355	4857	1376	15	5	8871000	14
20220520 204620	0.071425044257194	7661	1150	20	5	0	15
20220520 204702	-0.572467502078507	3357	761	9	5	9612000	16
20220520 204812	-0.0844866396134051	1481	739	20	5	9536000	17
20220520 204954	-0.0476779015597007	3501	1	19	5	9515000	18
20220520 205023	0.0999807473387946	2717	302	3	5	0	19
20220520 205112	-0.0436865670660654	217	107	6	5	10023000	20
20220520 205203	-0.793385246682028	7994	1753	20	5	8127000	21
20220520 205234	-0.823954824750529	262	121	3	5	8314000	22
20220520 205304	-0.736597810606123	3579	1785	3	5	8144000	23
20220520 205333	-0.12459015891076	3232	537	3	5	8437000	24
20220520 205429	-0.171029887629384	4001	1990	20	5	9231000	25
20220520 205601	-0.0259570761573879	73	36	15	5	3635000	26
20220520 205709	-0.282189304484404	2480	399	20	5	9644000	27
20220520 205805	-0.707813806694699	4901	1252	12	5	8931000	28
20220520 205904	-0.452462133376952	2969	1030	13	5	9884000	29
20220520 210001	-0.958310985210375	1212	233	8	5	10080000	30
20220520 210031	-0.719079172758083	3749	656	3	5	8437000	31
20220520 210135	-0.14705521278525	1736	569	11	5	10368000	32
20220520 210238	-0.247510425655109	3450	628	15	5	9974000	33
20220520 210335	-0.840614194711117	2742	751	9	5	9842000	34
20220520 210437	-0.0966491078830825	2170	816	16	5	9731000	35
20220520 210525	-0.106266700821713	962	206	6	5	9782000	36
20220520 210624	-0.774969802594595	3411	1044	14	5	10055000	37
20220520 210715	-0.957235933650686	3384	797	7	5	9694000	38
20220520 210811	-0.233356659150023	3486	1130	8	5	9694000	39
20220520 210903	-0.773501138018838	1624	678	7	5	9882000	40
20220520 211027	-0.121760931770857	1851	1	13	5	10138000	41
20220520 211126	-0.494163756563912	3410	982	20	5	9795000	42
20220520 211225	-0.148677848070348	3129	978	20	5	9795000	43
20220520 211308	-0.976961014110879	1852	921	5	5	9731000	44
20220520 211412	-0.911006528516459	1610	713	13	5	9617000	45
20220520 211517	-0.0595763156601035	1614	779	12	5	9457000	46
20220520 211619	-0.325291269439376	1875	301	9	5	10250000	47
20220520 211652	-0.199991444511434	280	138	3	5	8314000	48
20220520 211814	-0.0151900926934366	1955	277	20	5	10031000	49
20220520 211930	-0.148843975015152	1870	231	10	5	10088000	50
20220520 212041	-0.289291271342149	2113	497	12	5	10220000	51
20220520 212152	-0.462128791449268	1724	416	11	5	10338000	52
20220520 212305	-0.347014846190245	1798	528	18	5	10352000	53
20220520 212415	-0.748717799991433	3008	473	18	5	9849000	54
20220520 212519	-0.57581690906152	1890	942	18	5	9737000	55
20220520 212607	-0.365582874440069	3289	354	6	5	9549000	56
20220520 212646	-0.827252032793687	6857	885	4	5	8342000	57
20220520 212800	-0.135838426354381	3537	199	12	5	9462000	58
20220520 212900	-0.796381564619737	3944	1846	20	5	9184000	59
20220520 213011	-0.289187405620179	1774	392	11	5	10205000	60
20220520 213117	-0.442237728203899	1931	609	9	5	10315000	61
20220520 213228	-0.879715117145235	1877	4	9	5	10055000	62
20220520 213343	-0.437651257092414	2228	437	16	5	10101000	63
20220520 213449	-0.365888647626421	3904	783	18	5	9503000	64
20220520 213601	-0.18638478938073	1956	518	18	5	10159000	65
20220520 213724	-0.508262418530693	1720	203	20	5	10047000	66
20220520 213754	0.0996203715621703	471	16	6	5	0	67
20220520 213825	-0.0143774665728866	4210	632	3	5	8437000	68
20220520 213917	-0.0380045563667615	1947	1	6	5	8573000	69
20220520 214024	-0.0693655946249936	3006	417	20	5	9774000	70
20220520 214128	-0.0431294658852148	1963	381	10	5	10076000	71
20220520 214229	-0.221008123353936	2122	1059	17	5	9637000	72
20220520 214353	-0.367931969929027	1554	5	13	5	10068000	73
20220520 214507	-0.188084233453597	1811	356	13	5	10297000	74
20220520 214637	-0.648499805789854	1920	57	14	5	9138000	75
20220520 214741	-0.362099221396659	1412	681	10	5	9847000	76
20220520 214843	-0.489659639333206	1870	2	8	5	9880000	77
20220520 215005	-0.99958145677338	2499	1	13	5	9796000	78
20220520 215116	-0.804224523476673	3790	191	13	5	9462000	79
20220520 215211	-0.504204369338475	3983	1990	18	5	9231000	80
20220520 215407	-0.999914911190845	660	1	20	5	8416000	81
20220520 215453	-0.920900977945682	2416	2	6	5	9468000	82
20220520 215557	-0.33235249943111	2911	427	11	5	9773000	83
20220520 215651	-0.435374088604947	62	31	7	5	9675000	84
20220520 215741	-0.999583844841345	7994	1994	9	5	8127000	85
20220520 215846	-0.41788481472738	1569	605	20	5	10531000	86
20220520 215927	-0.911117636509907	2991	1493	7	5	9209000	87
20220520 220020	-0.472036340867383	1768	612	19	5	10513000	88
20220520 220057	-0.535118348512464	7999	654	5	5	8127000	89
20220520 220153	-0.0609008210435127	2108	267	12	5	9888000	90
20220521 013530	-0.388828260691013	1424	1	20	5	9957000	91
20220521 013628	-0.126289953724308	3082	857	17	5	9700000	92
20220521 013708	-0.999939677007079	5494	139	7	5	8991000	93
20220521 013756	-0.0148821821676211	3231	561	20	5	9969000	94
20220521 013841	-0.240780227356956	1761	617	9	5	10513000	95
20220521 013913	-0.031480937059692	1003	497	5	5	9906000	96
20220521 014003	-0.507734346482097	1320	657	15	5	10264000	97
20220521 014050	-0.692111194729412	1754	876	20	5	9468000	98
20220521 014210	-0.845519480361706	11	1	16	5	8990000	99
20220521 014309	-0.236600325683922	1910	2	12	5	10504000	100
20220521 014345	-0.497315556291622	1981	989	6	5	9751000	101
20220521 014457	-0.598796549585552	7318	2	20	5	7985000	102
20220521 014540	-0.243222238653164	4388	542	9	5	9906000	103
20220521 014625	-0.999460868973485	2090	1031	10	5	9859000	104
20220521 014708	-0.343651476794181	3704	1852	20	5	9180000	105
20220521 014831	-0.167227225842506	2255	1	20	5	9670000	106
20220521 014909	-0.475219460334006	4290	617	7	5	9906000	107
20220521 014957	-0.213696553166485	1931	613	12	5	10317000	108
20220521 015037	-0.99982340695714	6143	1989	20	5	8899000	109
20220521 015128	-0.455780120415161	1096	544	19	5	9782000	110
20220521 015212	-0.761251974482578	5843	807	17	5	9181000	111
20220521 015259	-0.506561196878813	2313	612	14	5	10057000	112
20220521 015334	-0.276986514610842	4092	847	6	5	9781000	113
20220521 015424	-0.396033829204971	1789	744	20	5	9573000	114
20220521 015516	-0.431557829038212	1558	418	18	5	10503000	115
20220521 015634	-0.842134993822611	4317	1	20	5	9532000	116
